#Exe Time: 5, Capacity: 4194304,  Prefill: 2097152, Enqueue: 50, Dequeue: 50 
Threads	wf_tester.x	mcas_tester.x	coarse_lock_tester.x	linux_buffer.x	atomics_tester.x	tbb_tester.x
1	30421974.6667	16070518.0	21396259.6667	0.0	30145843.3333	18913001.0	
2	22096167.6667	22819.0	12499345.3333	14365763.6667	28874156.6667	13322053.0	
4	14873335.0	22869.6666667	3478471.0	8155940.66667	28520051.6667	16074471.0	
8	13297963.6667	23110.3333333	7587667.0	11799298.0	28949465.3333	11698065.6667	
16	13191575.3333	22736.0	7859773.66667	11537081.3333	28945260.6667	6678948.33333	
32	11936256.6667	21579.3333333	7338425.66667	10360288.0	26289338.0	3291667.0	
64	16792756.0	20801.0	3305471.66667	14429150.0	25181221.3333	2769633.33333	
96	16777159.6667	16921.0	3066950.66667	14727359.3333	24983334.0	6599071.66667	
128	16706375.0	15323.0	3037388.66667	15812798.3333	24923122.3333	4947807.33333	
160	16720484.3333	13916.0	3018427.66667	16560725.0	25124736.0	3791942.66667	
198	16669621.0	13135.3333333	3075624.33333	17393539.6667	25157719.0	2956187.0	
256	16587433.6667	11562.3333333	3132809.66667	18178565.0	25176174.3333	2349221.66667	
