4,    1,  0.11891,
4,    2,  0.120376,
4,    4,  0.15608,
4,    6,  0.205626,
4,    8,  0.253768,
4,    10,  0.307818,
4,    12,  0.366206,
4,    14,  0.42597,
4,    16,  0.47882,
4,    18,  0.62715,
4,    20,  0.710076,
4,    22,  0.768204,
4,    24,  0.85407,
4,    26,  0.926612,
4,    28,  0.990392,
4,    30,  1.05582,
4,    32,  1.12142,
4,    34,  1.20018,
4,    36,  1.25852,
4,    38,  1.33416,
4,    40,  1.40036,
4,    42,  1.47928,
4,    44,  1.53252,
4,    46,  1.60722,
4,    48,  1.69846,
4,    50,  1.747,
4,    52,  1.8217,
4,    54,  1.91434,
4,    56,  1.98674,
4,    58,  2.06288,
4,    60,  2.11492,
4,    62,  2.1818,
4,    64,  2.25592,

6,    1,  0.0666944,
6,    2,  0.0737208,
6,    4,  0.138636,
6,    6,  0.198826,
6,    8,  0.25551,
6,    10,  0.326344,
6,    12,  0.404662,
6,    14,  0.493324,
6,    16,  0.57331,
6,    18,  0.651574,
6,    20,  0.733232,
6,    22,  0.818138,
6,    24,  0.898858,
6,    26,  0.964476,
6,    28,  1.04364,
6,    30,  1.10622,
6,    32,  1.18146,
6,    34,  1.26094,
6,    36,  1.32902,
6,    38,  1.41788,
6,    40,  1.48866,
6,    42,  1.5645,
6,    44,  1.64092,
6,    46,  1.711,
6,    48,  1.775,
6,    50,  1.87234,
6,    52,  1.94358,
6,    54,  2.0418,
6,    56,  2.1146,
6,    58,  2.1721,
6,    60,  2.25978,
6,    62,  2.35102,
6,    64,  2.41104,

8,    1,  0.0563026,
8,    2,  0.067883,
8,    4,  0.140018,
8,    6,  0.209856,
8,    8,  0.270992,
8,    10,  0.337472,
8,    12,  0.403768,
8,    14,  0.467058,
8,    16,  0.528666,
8,    18,  0.604688,
8,    20,  0.682258,
8,    22,  0.802422,
8,    24,  0.895384,
8,    26,  0.966158,
8,    28,  1.04186,
8,    30,  1.1197,
8,    32,  1.18712,
8,    34,  1.25068,
8,    36,  1.3399,
8,    38,  1.42522,
8,    40,  1.49414,
8,    42,  1.56352,
8,    44,  1.63682,
8,    46,  1.71068,
8,    48,  1.77288,
8,    50,  1.85236,
8,    52,  1.92274,
8,    54,  2.01148,
8,    56,  2.09222,
8,    58,  2.17818,
8,    60,  2.23538,
8,    62,  2.35144,
8,    64,  2.39766,

10,    1,  0.0584626,
10,    2,  0.0724414,
10,    4,  0.14159,
10,    6,  0.21465,
10,    8,  0.279184,
10,    10,  0.348986,
10,    12,  0.418954,
10,    14,  0.492132,
10,    16,  0.556102,
10,    18,  0.633184,
10,    20,  0.717454,
10,    22,  0.812952,
10,    24,  0.893666,
10,    26,  0.974382,
10,    28,  1.06904,
10,    30,  1.16144,
10,    32,  1.25226,
10,    34,  1.32468,
10,    36,  1.40212,
10,    38,  1.49732,
10,    40,  1.58482,
10,    42,  1.64924,
10,    44,  1.72514,
10,    46,  1.81176,
10,    48,  1.89638,
10,    50,  1.97698,
10,    52,  2.05706,
10,    54,  2.13996,
10,    56,  2.24376,
10,    58,  2.32306,
10,    60,  2.3867,
10,    62,  2.5014,
10,    64,  2.58034,

12,    1,  0.0623968,
12,    2,  0.076311,
12,    4,  0.15116,
12,    6,  0.226584,
12,    8,  0.29096,
12,    10,  0.362188,
12,    12,  0.430528,
12,    14,  0.497336,
12,    16,  0.561568,
12,    18,  0.638308,
12,    20,  0.720672,
12,    22,  0.814618,
12,    24,  0.935884,
12,    26,  1.01444,
12,    28,  1.07372,
12,    30,  1.1566,
12,    32,  1.24046,
12,    34,  1.32082,
12,    36,  1.4046,
12,    38,  1.4741,
12,    40,  1.55596,
12,    42,  1.63292,
12,    44,  1.71314,
12,    46,  1.79138,
12,    48,  1.86922,
12,    50,  1.94326,
12,    52,  2.05628,
12,    54,  2.12504,
12,    56,  2.1964,
12,    58,  2.30212,
12,    60,  2.3669,
12,    62,  2.42142,
12,    64,  2.51888,

14,    1,  0.063382,
14,    2,  0.0815396666667,
14,    4,  0.1588,
14,    6,  0.233926666667,
14,    8,  0.2933,
14,    10,  0.374166666667,
14,    12,  0.444543333333,
14,    14,  0.514576666667,
14,    16,  0.58417,
14,    18,  0.659046666667,
14,    20,  0.738216666667,
14,    22,  0.84472,
14,    24,  0.922203333333,
14,    26,  1.0123,
14,    28,  1.10173333333,
14,    30,  1.1972,
14,    32,  1.2926,
14,    34,  1.36086666667,
14,    36,  1.45113333333,
14,    38,  1.53436666667,
14,    40,  1.60876666667,
14,    42,  1.71006666667,
14,    44,  1.7666,
14,    46,  1.8559,
14,    48,  1.935,
14,    50,  2.03913333333,
14,    52,  2.10593333333,
14,    54,  2.1927,
14,    56,  2.31733333333,
14,    58,  2.37403333333,
14,    60,  2.4626,
14,    62,  2.55,
14,    64,  2.63063333333,

16,    1,  0.0624223333333,
16,    2,  0.082341,
16,    4,  0.16152,
16,    6,  0.241173333333,
16,    8,  0.315343333333,
16,    10,  0.388726666667,
16,    12,  0.461006666667,
16,    14,  0.531936666667,
16,    16,  0.605436666667,
16,    18,  0.681926666667,
16,    20,  0.773413333333,
16,    22,  0.87382,
16,    24,  0.967823333333,
16,    26,  1.0556,
16,    28,  1.14913333333,
16,    30,  1.25026666667,
16,    32,  1.35806666667,
16,    34,  1.42586666667,
16,    36,  1.4973,
16,    38,  1.60856666667,
16,    40,  1.6991,
16,    42,  1.777,
16,    44,  1.86546666667,
16,    46,  1.95623333333,
16,    48,  2.05256666667,
16,    50,  2.1347,
16,    52,  2.24406666667,
16,    54,  2.3534,
16,    56,  2.42313333333,
16,    58,  2.54576666667,
16,    60,  2.62816666667,
16,    62,  2.6679,
16,    64,  2.7931,

18,    1,  0.0629643333333,
18,    2,  0.084893,
18,    4,  0.159683333333,
18,    6,  0.23946,
18,    8,  0.307153333333,
18,    10,  0.378043333333,
18,    12,  0.445496666667,
18,    14,  0.528666666667,
18,    16,  0.624323333333,
18,    18,  0.699816666667,
18,    20,  0.791813333333,
18,    22,  0.88256,
18,    24,  0.969776666667,
18,    26,  1.0417,
18,    28,  1.1286,
18,    30,  1.20896666667,
18,    32,  1.2885,
18,    34,  1.3578,
18,    36,  1.4413,
18,    38,  1.52136666667,
18,    40,  1.61046666667,
18,    42,  1.67806666667,
18,    44,  1.75906666667,
18,    46,  1.84016666667,
18,    48,  1.9272,
18,    50,  1.9989,
18,    52,  2.0923,
18,    54,  2.21096666667,
18,    56,  2.25503333333,
18,    58,  2.34433333333,
18,    60,  2.4451,
18,    62,  2.54413333333,
18,    64,  2.611,

20,    1,  0.067505,
20,    2,  0.089247,
20,    4,  0.16699,
20,    6,  0.24886,
20,    8,  0.320336666667,
20,    10,  0.390586666667,
20,    12,  0.461393333333,
20,    14,  0.530346666667,
20,    16,  0.600786666667,
20,    18,  0.677183333333,
20,    20,  0.761243333333,
20,    22,  0.85865,
20,    24,  0.94772,
20,    26,  1.03716666667,
20,    28,  1.12273333333,
20,    30,  1.222,
20,    32,  1.31813333333,
20,    34,  1.3955,
20,    36,  1.46886666667,
20,    38,  1.55706666667,
20,    40,  1.63993333333,
20,    42,  1.7234,
20,    44,  1.79883333333,
20,    46,  1.8787,
20,    48,  1.9657,
20,    50,  2.04533333333,
20,    52,  2.14333333333,
20,    54,  2.21646666667,
20,    56,  2.28333333333,
20,    58,  2.39696666667,
20,    60,  2.49016666667,
20,    62,  2.5758,
20,    64,  2.65796666667,

22,   1,  0.069694,
22,   2,  0.094401,
22,   4,  0.175276666667,
22,   6,  0.257693333333,
22,   8,  0.331086666667,
22,   10,  0.404423333333,
22,   12,  0.47449,
22,   14,  0.54043,
22,   16,  0.610883333333,
22,   18,  0.689446666667,
22,   20,  0.76958,
22,   22,  0.861333333333,
22,   24,  0.955623333333,
22,   26,  1.03876666667,
22,   28,  1.13073333333,
22,   30,  1.23956666667,
22,   32,  1.33503333333,
22,   34,  1.40013333333,
22,   36,  1.48323333333,
22,   38,  1.57,
22,   40,  1.65516666667,
22,   42,  1.7271,
22,   44,  1.81223333333,
22,   46,  1.8977,
22,   48,  1.9851,
22,   50,  2.0646,
22,   52,  2.16296666667,
22,   54,  2.2535,
22,   56,  2.35873333333,
22,   58,  2.42323333333,
22,   60,  2.50233333333,
22,   62,  2.603,
22,   64,  2.666,

24,    1,  0.0682463333333,
24,    2,  0.0938206666667,
24,    4,  0.175046666667,
24,    6,  0.257436666667,
24,    8,  0.332713333333,
24,    10,  0.40318,
24,    12,  0.473476666667,
24,    14,  0.541603333333,
24,    16,  0.60966,
24,    18,  0.68855,
24,    20,  0.770626666667,
24,    22,  0.86771,
24,    24,  0.957063333333,
24,    26,  1.039,
24,    28,  1.13483333333,
24,    30,  1.23423333333,
24,    32,  1.3287,
24,    34,  1.41256666667,
24,    36,  1.47873333333,
24,    38,  1.57363333333,
24,    40,  1.66756666667,
24,    42,  1.73563333333,
24,    44,  1.8184,
24,    46,  1.89763333333,
24,    48,  2.00143333333,
24,    50,  2.0616,
24,    52,  2.15176666667,
24,    54,  2.2685,
24,    56,  2.3355,
24,    58,  2.44576666667,
24,    60,  2.52716666667,
24,    62,  2.59873333333,
24,    64,  2.66116666667,

26,    1,  0.0747906666667,
26,    2,  0.10279,
26,    4,  0.18555,
26,    6,  0.27255,
26,    8,  0.34599,
26,    10,  0.42169,
26,    12,  0.489646666667,
26,    14,  0.563626666667,
26,    16,  0.637276666667,
26,    18,  0.71011,
26,    20,  0.79762,
26,    22,  0.898006666667,
26,    24,  0.98792,
26,    26,  1.0733,
26,    28,  1.16563333333,
26,    30,  1.2719,
26,    32,  1.37273333333,
26,    34,  1.43956666667,
26,    36,  1.52206666667,
26,    38,  1.60506666667,
26,    40,  1.6927,
26,    42,  1.75973333333,
26,    44,  1.84946666667,
26,    46,  1.95263333333,
26,    48,  2.01946666667,
26,    50,  2.11263333333,
26,    52,  2.20083333333,
26,    54,  2.295,
26,    56,  2.4197,
26,    58,  2.4862,
26,    60,  2.52203333333,
26,    62,  2.66543333333,
26,    64,  2.71263333333,

28,    1,  0.0742826666667,
28,    2,  0.10185,
28,    4,  0.186143333333,
28,    6,  0.268913333333,
28,    8,  0.345813333333,
28,    10,  0.41785,
28,    12,  0.487116666667,
28,    14,  0.558656666667,
28,    16,  0.628653333333,
28,    18,  0.701366666667,
28,    20,  0.795293333333,
28,    22,  0.89139,
28,    24,  0.985046666667,
28,    26,  1.07636666667,
28,    28,  1.1731,
28,    30,  1.27823333333,
28,    32,  1.37396666667,
28,    34,  1.44076666667,
28,    36,  1.5238,
28,    38,  1.60966666667,
28,    40,  1.6948,
28,    42,  1.7742,
28,    44,  1.8573,
28,    46,  1.95326666667,
28,    48,  2.04213333333,
28,    50,  2.11306666667,
28,    52,  2.19433333333,
28,    54,  2.28633333333,
28,    56,  2.40036666667,
28,    58,  2.4616,
28,    60,  2.53333333333,
28,    62,  2.6771,
28,    64,  2.70853333333,

30,    1,  0.07615,
30,    2,  0.10414,
30,    4,  0.186666666667,
30,    6,  0.269726666667,
30,    8,  0.347546666667,
30,    10,  0.42097,
30,    12,  0.491863333333,
30,    14,  0.562426666667,
30,    16,  0.63371,
30,    18,  0.713083333333,
30,    20,  0.79652,
30,    22,  0.8969,
30,    24,  0.989496666667,
30,    26,  1.07923333333,
30,    28,  1.18006666667,
30,    30,  1.2914,
30,    32,  1.3902,
30,    34,  1.4612,
30,    36,  1.5408,
30,    38,  1.6252,
30,    40,  1.7079,
30,    42,  1.78526666667,
30,    44,  1.87493333333,
30,    46,  1.9407,
30,    48,  2.0454,
30,    50,  2.13403333333,
30,    52,  2.20723333333,
30,    54,  2.28883333333,
30,    56,  2.39296666667,
30,    58,  2.45863333333,
30,    60,  2.55293333333,
30,    62,  2.65176666667,
30,    64,  2.76033333333,

32,    1,  0.078608,
32,    2,  0.11723,
32,    4,  0.219543333333,
32,    6,  0.320416666667,
32,    8,  0.412563333333,
32,    10,  0.4953,
32,    12,  0.57471,
32,    14,  0.65283,
32,    16,  0.72885,
32,    18,  0.813816666667,
32,    20,  0.90712,
32,    22,  1.01896666667,
32,    24,  1.12293333333,
32,    26,  1.21556666667,
32,    28,  1.33043333333,
32,    30,  1.44203333333,
32,    32,  1.57476666667,
32,    34,  1.6368,
32,    36,  1.72253333333,
32,    38,  1.82033333333,
32,    40,  1.9278,
32,    42,  2.01036666667,
32,    44,  2.11176666667,
32,    46,  2.2236,
32,    48,  2.31763333333,
32,    50,  2.42623333333,
32,    52,  2.5023,
32,    54,  2.62626666667,
32,    56,  2.70973333333,
32,    58,  2.8201,
32,    60,  2.88693333333,
32,    62,  3.004,
32,    64,  3.08926666667,

