10,    1,  0.0584626,
10,    2,  0.0724414,
10,    4,  0.14159,
10,    6,  0.21465,
10,    8,  0.279184,
10,    10,  0.348986,
10,    12,  0.418954,
10,    14,  0.492132,
10,    16,  0.556102,
10,    18,  0.633184,
10,    20,  0.717454,
10,    22,  0.812952,
10,    24,  0.893666,
10,    26,  0.974382,
10,    28,  1.06904,
10,    30,  1.16144,
10,    32,  1.25226,
10,    34,  1.32468,
10,    36,  1.40212,
10,    38,  1.49732,
10,    40,  1.58482,
10,    42,  1.64924,
10,    44,  1.72514,
10,    46,  1.81176,
10,    48,  1.89638,
10,    50,  1.97698,
10,    52,  2.05706,
10,    54,  2.13996,
10,    56,  2.24376,
10,    58,  2.32306,
10,    60,  2.3867,
10,    62,  2.5014,
10,    64,  2.58034,
