1,  0.0768016666667,
2,  0.098405,
4,  0.146743333333,
6,  0.19145,
8,  0.227686666667,
10,  0.259353333333,
12,  0.295633333333,
14,  0.331623333333,
16,  0.369516666667,
18,  0.412563333333,
20,  0.45952,
22,  0.511156666667,
24,  0.566556666667,
26,  0.623383333333,
28,  0.671073333333,
30,  0.727866666667,
32,  0.779796666667,
34,  0.820406666667,
36,  0.860076666667,
38,  0.904503333333,
40,  0.95102,
42,  0.9849,
44,  1.03836666667,
46,  1.09506666667,
48,  1.1441,
50,  1.18776666667,
52,  1.2249,
54,  1.2608,
56,  1.32376666667,
58,  1.35183333333,
60,  1.3997,
62,  1.4528,
64,  1.4895,
