1,  0.0841086666667,
2,  0.097923,
4,  0.140313333333,
6,  0.187523333333,
8,  0.214486666667,
10,  0.255386666667,
12,  0.28844,
14,  0.31729,
16,  0.352486666667,
18,  0.398883333333,
20,  0.443393333333,
22,  0.496443333333,
24,  0.53849,
26,  0.631146666667,
28,  0.672723333333,
30,  0.754293333333,
32,  0.762893333333,
34,  0.82413,
36,  0.881686666667,
38,  0.92979,
40,  0.966536666667,
42,  1.01418666667,
44,  1.06576666667,
46,  1.095,
48,  1.14333333333,
50,  1.21526666667,
52,  1.23506666667,
54,  1.27423333333,
56,  1.3291,
58,  1.37573333333,
60,  1.41316666667,
62,  1.44776666667,
64,  1.50703333333,
