12,    1,  0.0623968,
12,    2,  0.076311,
12,    4,  0.15116,
12,    6,  0.226584,
12,    8,  0.29096,
12,    10,  0.362188,
12,    12,  0.430528,
12,    14,  0.497336,
12,    16,  0.561568,
12,    18,  0.638308,
12,    20,  0.720672,
12,    22,  0.814618,
12,    24,  0.935884,
12,    26,  1.01444,
12,    28,  1.07372,
12,    30,  1.1566,
12,    32,  1.24046,
12,    34,  1.32082,
12,    36,  1.4046,
12,    38,  1.4741,
12,    40,  1.55596,
12,    42,  1.63292,
12,    44,  1.71314,
12,    46,  1.79138,
12,    48,  1.86922,
12,    50,  1.94326,
12,    52,  2.05628,
12,    54,  2.12504,
12,    56,  2.1964,
12,    58,  2.30212,
12,    60,  2.3669,
12,    62,  2.42142,
12,    64,  2.51888,
