1,  0.061817,
2,  0.0785953333333,
4,  0.11829,
6,  0.159533333333,
8,  0.192966666667,
10,  0.22948,
12,  0.27244,
14,  0.318426666667,
16,  0.356523333333,
18,  0.40753,
20,  0.453856666667,
22,  0.495153333333,
24,  0.55338,
26,  0.58359,
28,  0.64454,
30,  0.689503333333,
32,  0.72516,
34,  0.77457,
36,  0.81594,
38,  0.852476666667,
40,  0.90539,
42,  0.94064,
44,  0.990763333333,
46,  1.04376666667,
48,  1.0916,
50,  1.1319,
52,  1.17656666667,
54,  1.22706666667,
56,  1.2769,
58,  1.3234,
60,  1.357,
62,  1.4058,
64,  1.43726666667,
