16,    1,  0.0624223333333,
16,    2,  0.082341,
16,    4,  0.16152,
16,    6,  0.241173333333,
16,    8,  0.315343333333,
16,    10,  0.388726666667,
16,    12,  0.461006666667,
16,    14,  0.531936666667,
16,    16,  0.605436666667,
16,    18,  0.681926666667,
16,    20,  0.773413333333,
16,    22,  0.87382,
16,    24,  0.967823333333,
16,    26,  1.0556,
16,    28,  1.14913333333,
16,    30,  1.25026666667,
16,    32,  1.35806666667,
16,    34,  1.42586666667,
16,    36,  1.4973,
16,    38,  1.60856666667,
16,    40,  1.6991,
16,    42,  1.777,
16,    44,  1.86546666667,
16,    46,  1.95623333333,
16,    48,  2.05256666667,
16,    50,  2.1347,
16,    52,  2.24406666667,
16,    54,  2.3534,
16,    56,  2.42313333333,
16,    58,  2.54576666667,
16,    60,  2.62816666667,
16,    62,  2.6679,
16,    64,  2.7931,
