14,    1,  0.063382,
14,    2,  0.0815396666667,
14,    4,  0.1588,
14,    6,  0.233926666667,
14,    8,  0.2933,
14,    10,  0.374166666667,
14,    12,  0.444543333333,
14,    14,  0.514576666667,
14,    16,  0.58417,
14,    18,  0.659046666667,
14,    20,  0.738216666667,
14,    22,  0.84472,
14,    24,  0.922203333333,
14,    26,  1.0123,
14,    28,  1.10173333333,
14,    30,  1.1972,
14,    32,  1.2926,
14,    34,  1.36086666667,
14,    36,  1.45113333333,
14,    38,  1.53436666667,
14,    40,  1.60876666667,
14,    42,  1.71006666667,
14,    44,  1.7666,
14,    46,  1.8559,
14,    48,  1.935,
14,    50,  2.03913333333,
14,    52,  2.10593333333,
14,    54,  2.1927,
14,    56,  2.31733333333,
14,    58,  2.37403333333,
14,    60,  2.4626,
14,    62,  2.55,
14,    64,  2.63063333333,
