2,    1,  0.0997546,
2,    2,  0.0939998,
2,    4,  0.137424,
2,    6,  0.176196,
2,    8,  0.198696,
2,    10,  0.215578,
2,    12,  0.231144,
2,    14,  0.247186,
2,    16,  0.257782,
2,    18,  0.26084,
2,    20,  0.274412,
2,    22,  0.275886,
2,    24,  0.289512,
2,    26,  0.29236,
2,    28,  0.305516,
2,    30,  0.318548,
2,    32,  0.324352,
2,    34,  0.33808,
2,    36,  0.345936,
2,    38,  0.345448,
2,    40,  0.362338,
2,    42,  0.354214,
2,    44,  0.349508,
2,    46,  0.399914,
2,    48,  0.382074,
2,    50,  0.379442,
2,    52,  0.37636,
2,    54,  0.436584,
2,    56,  0.381072,
2,    58,  0.404128,
2,    60,  0.398506,
2,    62,  0.414154,
2,    64,  0.42063,
