1,  0.074325,
2,  0.101773333333,
4,  0.155133333333,
6,  0.207276666667,
8,  0.25305,
10,  0.286736666667,
12,  0.336666666667,
14,  0.384843333333,
16,  0.434576666667,
18,  0.482383333333,
20,  0.534276666667,
22,  0.604353333333,
24,  0.680436666667,
26,  0.72348,
28,  0.757003333333,
30,  0.83205,
32,  0.903453333333,
34,  0.928666666667,
36,  0.974173333333,
38,  1.02396666667,
40,  1.08013333333,
42,  1.11636666667,
44,  1.17013333333,
46,  1.22976666667,
48,  1.2988,
50,  1.32813333333,
52,  1.3755,
54,  1.4227,
56,  1.47513333333,
58,  1.5241,
60,  1.56836666667,
62,  1.61813333333,
64,  1.66963333333,
