32,    1,  0.078608,
32,    2,  0.11723,
32,    4,  0.219543333333,
32,    6,  0.320416666667,
32,    8,  0.412563333333,
32,    10,  0.4953,
32,    12,  0.57471,
32,    14,  0.65283,
32,    16,  0.72885,
32,    18,  0.813816666667,
32,    20,  0.90712,
32,    22,  1.01896666667,
32,    24,  1.12293333333,
32,    26,  1.21556666667,
32,    28,  1.33043333333,
32,    30,  1.44203333333,
32,    32,  1.57476666667,
32,    34,  1.6368,
32,    36,  1.72253333333,
32,    38,  1.82033333333,
32,    40,  1.9278,
32,    42,  2.01036666667,
32,    44,  2.11176666667,
32,    46,  2.2236,
32,    48,  2.31763333333,
32,    50,  2.42623333333,
32,    52,  2.5023,
32,    54,  2.62626666667,
32,    56,  2.70973333333,
32,    58,  2.8201,
32,    60,  2.88693333333,
32,    62,  3.004,
32,    64,  3.08926666667,
