6,    1,  0.0666944,
6,    2,  0.0737208,
6,    4,  0.138636,
6,    6,  0.198826,
6,    8,  0.25551,
6,    10,  0.326344,
6,    12,  0.404662,
6,    14,  0.493324,
6,    16,  0.57331,
6,    18,  0.651574,
6,    20,  0.733232,
6,    22,  0.818138,
6,    24,  0.898858,
6,    26,  0.964476,
6,    28,  1.04364,
6,    30,  1.10622,
6,    32,  1.18146,
6,    34,  1.26094,
6,    36,  1.32902,
6,    38,  1.41788,
6,    40,  1.48866,
6,    42,  1.5645,
6,    44,  1.64092,
6,    46,  1.711,
6,    48,  1.775,
6,    50,  1.87234,
6,    52,  1.94358,
6,    54,  2.0418,
6,    56,  2.1146,
6,    58,  2.1721,
6,    60,  2.25978,
6,    62,  2.35102,
6,    64,  2.41104,
