1,  0.0707413333333,
2,  0.0888153333333,
4,  0.131796666667,
6,  0.174333333333,
8,  0.212456666667,
10,  0.24955,
12,  0.29187,
14,  0.33502,
16,  0.381596666667,
18,  0.425166666667,
20,  0.475313333333,
22,  0.526796666667,
24,  0.587203333333,
26,  0.627696666667,
28,  0.66084,
30,  0.712253333333,
32,  0.770253333333,
34,  0.799026666667,
36,  0.846626666667,
38,  0.88802,
40,  0.936946666667,
42,  0.97226,
44,  1.0274,
46,  1.07453333333,
48,  1.1148,
50,  1.1499,
52,  1.20476666667,
54,  1.22503333333,
56,  1.29476666667,
58,  1.34543333333,
60,  1.3863,
62,  1.42816666667,
64,  1.4799,
