1,  0.0627353333333,
2,  0.073499,
4,  0.122193333333,
6,  0.157553333333,
8,  0.18814,
10,  0.21762,
12,  0.26059,
14,  0.297036666667,
16,  0.335193333333,
18,  0.38067,
20,  0.42459,
22,  0.47128,
24,  0.52035,
26,  0.589706666667,
28,  0.634266666667,
30,  0.684253333333,
32,  0.726606666667,
34,  0.767696666667,
36,  0.817483333333,
38,  0.87022,
40,  0.908593333333,
42,  0.958456666667,
44,  0.99975,
46,  1.0543,
48,  1.09736666667,
50,  1.13726666667,
52,  1.18703333333,
54,  1.23646666667,
56,  1.28983333333,
58,  1.32983333333,
60,  1.37413333333,
62,  1.3997,
64,  1.45776666667,
