4,    1,  0.11891,
4,    2,  0.120376,
4,    4,  0.15608,
4,    6,  0.205626,
4,    8,  0.253768,
4,    10,  0.307818,
4,    12,  0.366206,
4,    14,  0.42597,
4,    16,  0.47882,
4,    18,  0.62715,
4,    20,  0.710076,
4,    22,  0.768204,
4,    24,  0.85407,
4,    26,  0.926612,
4,    28,  0.990392,
4,    30,  1.05582,
4,    32,  1.12142,
4,    34,  1.20018,
4,    36,  1.25852,
4,    38,  1.33416,
4,    40,  1.40036,
4,    42,  1.47928,
4,    44,  1.53252,
4,    46,  1.60722,
4,    48,  1.69846,
4,    50,  1.747,
4,    52,  1.8217,
4,    54,  1.91434,
4,    56,  1.98674,
4,    58,  2.06288,
4,    60,  2.11492,
4,    62,  2.1818,
4,    64,  2.25592,
