1,  0.064427,
2,  0.078966,
4,  0.123733333333,
6,  0.161146666667,
8,  0.190993333333,
10,  0.228103333333,
12,  0.261836666667,
14,  0.295613333333,
16,  0.327126666667,
18,  0.36878,
20,  0.41679,
22,  0.468366666667,
24,  0.511366666667,
26,  0.56392,
28,  0.60291,
30,  0.669293333333,
32,  0.714243333333,
34,  0.74583,
36,  0.790863333333,
38,  0.832246666667,
40,  0.875883333333,
42,  0.918203333333,
44,  0.95322,
46,  0.989326666667,
48,  1.0479,
50,  1.0873,
52,  1.13843333333,
54,  1.16706666667,
56,  1.21886666667,
58,  1.2649,
60,  1.2914,
62,  1.3451,
64,  1.36746666667,
