1,  0.073169,
2,  0.0928303333333,
4,  0.13551,
6,  0.173886666667,
8,  0.208606666667,
10,  0.245066666667,
12,  0.28651,
14,  0.33337,
16,  0.37247,
18,  0.41477,
20,  0.46969,
22,  0.52389,
24,  0.575216666667,
26,  0.61306,
28,  0.656983333333,
30,  0.707126666667,
32,  0.759976666667,
34,  0.789966666667,
36,  0.832993333333,
38,  0.878616666667,
40,  0.92623,
42,  0.9574,
44,  1.00771666667,
46,  1.05643333333,
48,  1.10103333333,
50,  1.13186666667,
52,  1.17833333333,
54,  1.24173333333,
56,  1.2849,
58,  1.3094,
60,  1.36523333333,
62,  1.37586666667,
64,  1.44526666667,
