26,    1,  0.0747906666667,
26,    2,  0.10279,
26,    4,  0.18555,
26,    6,  0.27255,
26,    8,  0.34599,
26,    10,  0.42169,
26,    12,  0.489646666667,
26,    14,  0.563626666667,
26,    16,  0.637276666667,
26,    18,  0.71011,
26,    20,  0.79762,
26,    22,  0.898006666667,
26,    24,  0.98792,
26,    26,  1.0733,
26,    28,  1.16563333333,
26,    30,  1.2719,
26,    32,  1.37273333333,
26,    34,  1.43956666667,
26,    36,  1.52206666667,
26,    38,  1.60506666667,
26,    40,  1.6927,
26,    42,  1.75973333333,
26,    44,  1.84946666667,
26,    46,  1.95263333333,
26,    48,  2.01946666667,
26,    50,  2.11263333333,
26,    52,  2.20083333333,
26,    54,  2.295,
26,    56,  2.4197,
26,    58,  2.4862,
26,    60,  2.52203333333,
26,    62,  2.66543333333,
26,    64,  2.71263333333,
