24,    1,  0.0682463333333,
24,    2,  0.0938206666667,
24,    4,  0.175046666667,
24,    6,  0.257436666667,
24,    8,  0.332713333333,
24,    10,  0.40318,
24,    12,  0.473476666667,
24,    14,  0.541603333333,
24,    16,  0.60966,
24,    18,  0.68855,
24,    20,  0.770626666667,
24,    22,  0.86771,
24,    24,  0.957063333333,
24,    26,  1.039,
24,    28,  1.13483333333,
24,    30,  1.23423333333,
24,    32,  1.3287,
24,    34,  1.41256666667,
24,    36,  1.47873333333,
24,    38,  1.57363333333,
24,    40,  1.66756666667,
24,    42,  1.73563333333,
24,    44,  1.8184,
24,    46,  1.89763333333,
24,    48,  2.00143333333,
24,    50,  2.0616,
24,    52,  2.15176666667,
24,    54,  2.2685,
24,    56,  2.3355,
24,    58,  2.44576666667,
24,    60,  2.52716666667,
24,    62,  2.59873333333,
24,    64,  2.66116666667,
