1,  0.065435,
2,  0.0782346666667,
4,  0.11782,
6,  0.157186666667,
8,  0.1895,
10,  0.225503333333,
12,  0.26812,
14,  0.31156,
16,  0.352213333333,
18,  0.4008,
20,  0.447433333333,
22,  0.503366666667,
24,  0.55017,
26,  0.58111,
28,  0.628776666667,
30,  0.673936666667,
32,  0.71847,
34,  0.751246666667,
36,  0.78921,
38,  0.836166666667,
40,  0.878776666667,
42,  0.912993333333,
44,  0.956013333333,
46,  1.00232,
48,  1.06016666667,
50,  1.09086666667,
52,  1.13853333333,
54,  1.1807,
56,  1.22503333333,
58,  1.26966666667,
60,  1.3055,
62,  1.34793333333,
64,  1.37906666667,
