#Exe Time: 5, Capacity: 4194304,  Prefill: 2097152, Enqueue: 50, Dequeue: 50 
Threads	wf_tester.x	coarse_lock_tester.x	tsigas_tester.x	linux_buffer.x	tbb_tester.x
1	39744463.3333	47642996.6667	5944852.66667	43723331.3333	38165914.0	
2	33287082.6667	23896266.0	1468904.66667	28471876.6667	28934850.6667	
4	46145576.6667	6402407.33333	1331286.0	25020640.0	33335796.6667	
8	48013333.3333	13926625.3333	1103416.0	23021629.3333	23690217.3333	
16	47895846.6667	15740838.6667	741013.333333	21435993.3333	13752070.6667	
32	38275410.0	14517278.6667	360725.333333	19331067.3333	6578742.66667	
64	38930350.0	6521106.66667	288795.333333	9176044.33333	5553317.33333	
96	38667093.3333	6044280.0	318042.666667	18313614.3333	12804518.6667	
128	38743702.0	5912821.33333	317068.0	18089027.6667	9170904.66667	
160	38589101.3333	5913962.66667	340404.0	17755126.6667	6001980.66667	
198	38683341.3333	5958432.0	340727.333333	8770561.66667	5793720.0	
256	38580218.6667	6035258.0	324080.0	0.0	4461654.0	
