#Exe Time: 5, Capacity: 4194304,  Prefill: 2097152, Enqueue: 50, Dequeue: 50 
Threads	wf_tester.x	mcas_tester.x	coarse_lock_tester.x	tsigas_tester.x	linux_buffer.x	atomics_tester.x	tbb_tester.x
1	39371258.6667	132.0	48039682.0	5928951.33333	43770988.0	47938280.3333	38143240.0	
2	35418946.0	252.0	25372574.0	2283144.66667	35485221.3333	44886689.3333	30533871.3333	
4	45947737.3333	504.0	6634906.66667	1566807.33333	24925853.0	42498132.3333	33159158.0	
8	50204242.6667	1015.66666667	13861062.0	1145722.0	22936532.6667	43216296.6667	23534407.3333	
16	45251461.3333	1894.33333333	15304692.0	749938.666667	21373325.6667	43514969.6667	13651173.3333	
32	38345539.3333	3317.33333333	14502506.0	356449.333333	19443365.0	39455425.3333	6476703.33333	
64	38745394.6667	6002.66666667	6348572.66667	285964.666667	9168745.66667	39045143.6667	3729887.33333	
96	38744974.6667	5678.0	6228034.0	315717.333333	0.0	37891092.6667	13372155.3333	
128	38610524.0	5910.33333333	5802124.0	331929.333333	0.0	37892340.3333	9466610.0	
160	38574130.0	5798.33333333	5962956.66667	343876.666667	0.0	39267775.6667	5855390.0	
198	38820484.6667	5989.0	6006164.66667	345606.666667	0.0	39171924.0	6020532.0	
256	38653848.6667	6037.33333333	5903536.66667	335251.333333	0.0	38319007.6667	4382560.66667	
