#Exe Time: 5, Capacity: 4194304,  Prefill: 2097152, Enqueue: 50, Dequeue: 50 
Threads	wf_tester.x	mcas_tester.x	coarse_lock_tester.x	tsigas_tester.x	atomics_tester.x	tbb_tester.x
1	32673088.6667	16116367.6667	21127068.0	2867268.33333	30984321.0	19505098.0	
2	18260492.3333	22612.0	17820458.0	1249792.0	30617607.3333	14172329.3333	
4	14667009.0	22747.0	3589932.0	841459.666667	28243692.3333	15828846.6667	
8	14696866.0	23052.3333333	7465875.33333	583022.666667	28889861.3333	11586456.6667	
16	13748856.0	22665.0	7891066.0	370050.666667	28837047.3333	6602479.0	
32	12310574.6667	21635.3333333	7218634.0	179419.333333	26351916.3333	3236615.0	
64	15564804.0	20855.6666667	3408642.33333	143596.0	25428223.6667	2719845.33333	
96	15495347.0	16781.0	2949653.0	166110.333333	25484764.6667	6547506.66667	
128	15479443.3333	15409.0	3119990.33333	156758.0	25381615.6667	4950879.0	
160	15390709.0	14226.0	3168960.33333	161430.666667	25461685.3333	3680389.0	
198	15425841.6667	12984.3333333	3269696.33333	168283.333333	25524018.3333	3069929.66667	
256	15382088.3333	11866.6666667	3278440.0	155838.0	25387805.0	2345371.66667	
