8,    1,  0.0563026,
8,    2,  0.067883,
8,    4,  0.140018,
8,    6,  0.209856,
8,    8,  0.270992,
8,    10,  0.337472,
8,    12,  0.403768,
8,    14,  0.467058,
8,    16,  0.528666,
8,    18,  0.604688,
8,    20,  0.682258,
8,    22,  0.802422,
8,    24,  0.895384,
8,    26,  0.966158,
8,    28,  1.04186,
8,    30,  1.1197,
8,    32,  1.18712,
8,    34,  1.25068,
8,    36,  1.3399,
8,    38,  1.42522,
8,    40,  1.49414,
8,    42,  1.56352,
8,    44,  1.63682,
8,    46,  1.71068,
8,    48,  1.77288,
8,    50,  1.85236,
8,    52,  1.92274,
8,    54,  2.01148,
8,    56,  2.09222,
8,    58,  2.17818,
8,    60,  2.23538,
8,    62,  2.35144,
8,    64,  2.39766,
