1,  0.069694,
2,  0.094401,
4,  0.175276666667,
6,  0.257693333333,
8,  0.331086666667,
10,  0.404423333333,
12,  0.47449,
14,  0.54043,
16,  0.610883333333,
18,  0.689446666667,
20,  0.76958,
22,  0.861333333333,
24,  0.955623333333,
26,  1.03876666667,
28,  1.13073333333,
30,  1.23956666667,
32,  1.33503333333,
34,  1.40013333333,
36,  1.48323333333,
38,  1.57,
40,  1.65516666667,
42,  1.7271,
44,  1.81223333333,
46,  1.8977,
48,  1.9851,
50,  2.0646,
52,  2.16296666667,
54,  2.2535,
56,  2.35873333333,
58,  2.42323333333,
60,  2.50233333333,
62,  2.603,
64,  2.666,
