1,  0.0750433333333,
2,  0.09447,
4,  0.139086666667,
6,  0.19032,
8,  0.225713333333,
10,  0.262253333333,
12,  0.295156666667,
14,  0.333456666667,
16,  0.35952,
18,  0.414766666667,
20,  0.457766666667,
22,  0.510533333333,
24,  0.56919,
26,  0.62022,
28,  0.672746666667,
30,  0.72551,
32,  0.782713333333,
34,  0.816473333333,
36,  0.857123333333,
38,  0.9022,
40,  0.946696666667,
42,  0.996736666667,
44,  1.04633333333,
46,  1.0893,
48,  1.14793333333,
50,  1.17563333333,
52,  1.22566666667,
54,  1.26983333333,
56,  1.32463333333,
58,  1.35973333333,
60,  1.3967,
62,  1.4321,
64,  1.47146666667,
