4,   1,  0.0679993333333,
4,   2,  0.0878836666667,
4,   4,  0.136343333333,
4,   6,  0.177936666667,
4,   8,  0.213623333333,
4,   10,  0.248756666667,
4,   12,  0.282363333333,
4,   14,  0.321153333333,
4,   16,  0.353353333333,
4,   18,  0.395483333333,
4,   20,  0.439183333333,
4,   22,  0.490556666667,
4,   24,  0.5412,
4,   26,  0.597333333333,
4,   28,  0.643636666667,
4,   30,  0.70379,
4,   32,  0.75386,
4,   34,  0.780136666667,
4,   36,  0.82868,
4,   38,  0.874383333333,
4,   40,  0.9196,
4,   42,  0.95649,
4,   44,  0.99774,
4,   46,  1.05423333333,
4,   48,  1.0941,
4,   50,  1.1391,
4,   52,  1.18973333333,
4,   54,  1.20366666667,
4,   56,  1.27556666667,
4,   58,  1.3144,
4,   60,  1.37213333333,
4,   62,  1.3941,
4,   64,  1.44396666667,

6,   1,  0.0841086666667,
6,   2,  0.097923,
6,   4,  0.140313333333,
6,   6,  0.187523333333,
6,   8,  0.214486666667,
6,   10,  0.255386666667,
6,   12,  0.28844,
6,   14,  0.31729,
6,   16,  0.352486666667,
6,   18,  0.398883333333,
6,   20,  0.443393333333,
6,   22,  0.496443333333,
6,   24,  0.53849,
6,   26,  0.631146666667,
6,   28,  0.672723333333,
6,   30,  0.754293333333,
6,   32,  0.762893333333,
6,   34,  0.82413,
6,   36,  0.881686666667,
6,   38,  0.92979,
6,   40,  0.966536666667,
6,   42,  1.01418666667,
6,   44,  1.06576666667,
6,   46,  1.095,
6,   48,  1.14333333333,
6,   50,  1.21526666667,
6,   52,  1.23506666667,
6,   54,  1.27423333333,
6,   56,  1.3291,
6,   58,  1.37573333333,
6,   60,  1.41316666667,
6,   62,  1.44776666667,
6,   64,  1.50703333333,

8,   1,  0.0627353333333,
8,   2,  0.073499,
8,   4,  0.122193333333,
8,   6,  0.157553333333,
8,   8,  0.18814,
8,   10,  0.21762,
8,   12,  0.26059,
8,   14,  0.297036666667,
8,   16,  0.335193333333,
8,   18,  0.38067,
8,   20,  0.42459,
8,   22,  0.47128,
8,   24,  0.52035,
8,   26,  0.589706666667,
8,   28,  0.634266666667,
8,   30,  0.684253333333,
8,   32,  0.726606666667,
8,   34,  0.767696666667,
8,   36,  0.817483333333,
8,   38,  0.87022,
8,   40,  0.908593333333,
8,   42,  0.958456666667,
8,   44,  0.99975,
8,   46,  1.0543,
8,   48,  1.09736666667,
8,   50,  1.13726666667,
8,   52,  1.18703333333,
8,   54,  1.23646666667,
8,   56,  1.28983333333,
8,   58,  1.32983333333,
8,   60,  1.37413333333,
8,   62,  1.3997,
8,   64,  1.45776666667,

10,  1,  0.0649506666667,
10,  2,  0.0725676666667,
10,  4,  0.113053333333,
10,  6,  0.148536666667,
10,  8,  0.178016666667,
10,  10,  0.217863333333,
10,  12,  0.260003333333,
10,  14,  0.305016666667,
10,  16,  0.347896666667,
10,  18,  0.395373333333,
10,  20,  0.44642,
10,  22,  0.500163333333,
10,  24,  0.552323333333,
10,  26,  0.591933333333,
10,  28,  0.62717,
10,  30,  0.681853333333,
10,  32,  0.72829,
10,  34,  0.751303333333,
10,  36,  0.7986,
10,  38,  0.84666,
10,  40,  0.886403333333,
10,  42,  0.922833333333,
10,  44,  0.96867,
10,  46,  1.01176666667,
10,  48,  1.06166666667,
10,  50,  1.0793,
10,  52,  1.15193333333,
10,  54,  1.18863333333,
10,  56,  1.2382,
10,  58,  1.2786,
10,  60,  1.32116666667,
10,  62,  1.37023333333,
10,  64,  1.40026666667,

12,  1,  0.064427,
12,  2,  0.078966,
12,  4,  0.123733333333,
12,  6,  0.161146666667,
12,  8,  0.190993333333,
12,  10,  0.228103333333,
12,  12,  0.261836666667,
12,  14,  0.295613333333,
12,  16,  0.327126666667,
12,  18,  0.36878,
12,  20,  0.41679,
12,  22,  0.468366666667,
12,  24,  0.511366666667,
12,  26,  0.56392,
12,  28,  0.60291,
12,  30,  0.669293333333,
12,  32,  0.714243333333,
12,  34,  0.74583,
12,  36,  0.790863333333,
12,  38,  0.832246666667,
12,  40,  0.875883333333,
12,  42,  0.918203333333,
12,  44,  0.95322,
12,  46,  0.989326666667,
12,  48,  1.0479,
12,  50,  1.0873,
12,  52,  1.13843333333,
12,  54,  1.16706666667,
12,  56,  1.21886666667,
12,  58,  1.2649,
12,  60,  1.2914,
12,  62,  1.3451,
12,  64,  1.36746666667,

14,  1,  0.065435,
14,  2,  0.0782346666667,
14,  4,  0.11782,
14,  6,  0.157186666667,
14,  8,  0.1895,
14,  10,  0.225503333333,
14,  12,  0.26812,
14,  14,  0.31156,
14,  16,  0.352213333333,
14,  18,  0.4008,
14,  20,  0.447433333333,
14,  22,  0.503366666667,
14,  24,  0.55017,
14,  26,  0.58111,
14,  28,  0.628776666667,
14,  30,  0.673936666667,
14,  32,  0.71847,
14,  34,  0.751246666667,
14,  36,  0.78921,
14,  38,  0.836166666667,
14,  40,  0.878776666667,
14,  42,  0.912993333333,
14,  44,  0.956013333333,
14,  46,  1.00232,
14,  48,  1.06016666667,
14,  50,  1.09086666667,
14,  52,  1.13853333333,
14,  54,  1.1807,
14,  56,  1.22503333333,
14,  58,  1.26966666667,
14,  60,  1.3055,
14,  62,  1.34793333333,
14,  64,  1.37906666667,

16,  1,  0.062922,
16,  2,  0.077538,
16,  4,  0.124183333333,
16,  6,  0.165443333333,
16,  8,  0.199416666667,
16,  10,  0.234783333333,
16,  12,  0.27007,
16,  14,  0.305943333333,
16,  16,  0.34442,
16,  18,  0.384026666667,
16,  20,  0.43084,
16,  22,  0.487276666667,
16,  24,  0.53686,
16,  26,  0.59066,
16,  28,  0.640306666667,
16,  30,  0.69752,
16,  32,  0.748806666667,
16,  34,  0.79066,
16,  36,  0.828076666667,
16,  38,  0.870016666667,
16,  40,  0.91748,
16,  42,  0.963913333333,
16,  44,  1.00605,
16,  46,  1.05693333333,
16,  48,  1.10513333333,
16,  50,  1.14976666667,
16,  52,  1.192,
16,  54,  1.24226666667,
16,  56,  1.2981,
16,  58,  1.3372,
16,  60,  1.3696,
16,  62,  1.41136666667,
16,  64,  1.44756666667,

18,  1,  0.061817,
18,  2,  0.0785953333333,
18,  4,  0.11829,
18,  6,  0.159533333333,
18,  8,  0.192966666667,
18,  10,  0.22948,
18,  12,  0.27244,
18,  14,  0.318426666667,
18,  16,  0.356523333333,
18,  18,  0.40753,
18,  20,  0.453856666667,
18,  22,  0.495153333333,
18,  24,  0.55338,
18,  26,  0.58359,
18,  28,  0.64454,
18,  30,  0.689503333333,
18,  32,  0.72516,
18,  34,  0.77457,
18,  36,  0.81594,
18,  38,  0.852476666667,
18,  40,  0.90539,
18,  42,  0.94064,
18,  44,  0.990763333333,
18,  46,  1.04376666667,
18,  48,  1.0916,
18,  50,  1.1319,
18,  52,  1.17656666667,
18,  54,  1.22706666667,
18,  56,  1.2769,
18,  58,  1.3234,
18,  60,  1.357,
18,  62,  1.4058,
18,  64,  1.43726666667,

20,  1,  0.0672543333333,
20,  2,  0.0830773333333,
20,  4,  0.125536666667,
20,  6,  0.166456666667,
20,  8,  0.20218,
20,  10,  0.240033333333,
20,  12,  0.279046666667,
20,  14,  0.315866666667,
20,  16,  0.359866666667,
20,  18,  0.415126666667,
20,  20,  0.46543,
20,  22,  0.524263333333,
20,  24,  0.57439,
20,  26,  0.616086666667,
20,  28,  0.660513333333,
20,  30,  0.695686666667,
20,  32,  0.7503,
20,  34,  0.780906666667,
20,  36,  0.826916666667,
20,  38,  0.873963333333,
20,  40,  0.921743333333,
20,  42,  0.96123,
20,  44,  1.00344666667,
20,  46,  1.06323333333,
20,  48,  1.09826666667,
20,  50,  1.14446666667,
20,  52,  1.162,
20,  54,  1.23513333333,
20,  56,  1.27953333333,
20,  58,  1.31973333333,
20,  60,  1.37333333333,
20,  62,  1.40763333333,
20,  64,  1.44836666667,

22,  1,  0.073169,
22,  2,  0.0928303333333,
22,  4,  0.13551,
22,  6,  0.173886666667,
22,  8,  0.208606666667,
22,  10,  0.245066666667,
22,  12,  0.28651,
22,  14,  0.33337,
22,  16,  0.37247,
22,  18,  0.41477,
22,  20,  0.46969,
22,  22,  0.52389,
22,  24,  0.575216666667,
22,  26,  0.61306,
22,  28,  0.656983333333,
22,  30,  0.707126666667,
22,  32,  0.759976666667,
22,  34,  0.789966666667,
22,  36,  0.832993333333,
22,  38,  0.878616666667,
22,  40,  0.92623,
22,  42,  0.9574,
22,  44,  1.00771666667,
22,  46,  1.05643333333,
22,  48,  1.10103333333,
22,  50,  1.13186666667,
22,  52,  1.17833333333,
22,  54,  1.24173333333,
22,  56,  1.2849,
22,  58,  1.3094,
22,  60,  1.36523333333,
22,  62,  1.37586666667,
22,  64,  1.44526666667,

24,  1,  0.0707413333333,
24,  2,  0.0888153333333,
24,  4,  0.131796666667,
24,  6,  0.174333333333,
24,  8,  0.212456666667,
24,  10,  0.24955,
24,  12,  0.29187,
24,  14,  0.33502,
24,  16,  0.381596666667,
24,  18,  0.425166666667,
24,  20,  0.475313333333,
24,  22,  0.526796666667,
24,  24,  0.587203333333,
24,  26,  0.627696666667,
24,  28,  0.66084,
24,  30,  0.712253333333,
24,  32,  0.770253333333,
24,  34,  0.799026666667,
24,  36,  0.846626666667,
24,  38,  0.88802,
24,  40,  0.936946666667,
24,  42,  0.97226,
24,  44,  1.0274,
24,  46,  1.07453333333,
24,  48,  1.1148,
24,  50,  1.1499,
24,  52,  1.20476666667,
24,  54,  1.22503333333,
24,  56,  1.29476666667,
24,  58,  1.34543333333,
24,  60,  1.3863,
24,  62,  1.42816666667,
24,  64,  1.4799,

26,  1,  0.0750433333333,
26,  2,  0.09447,
26,  4,  0.139086666667,
26,  6,  0.19032,
26,  8,  0.225713333333,
26,  10,  0.262253333333,
26,  12,  0.295156666667,
26,  14,  0.333456666667,
26,  16,  0.35952,
26,  18,  0.414766666667,
26,  20,  0.457766666667,
26,  22,  0.510533333333,
26,  24,  0.56919,
26,  26,  0.62022,
26,  28,  0.672746666667,
26,  30,  0.72551,
26,  32,  0.782713333333,
26,  34,  0.816473333333,
26,  36,  0.857123333333,
26,  38,  0.9022,
26,  40,  0.946696666667,
26,  42,  0.996736666667,
26,  44,  1.04633333333,
26,  46,  1.0893,
26,  48,  1.14793333333,
26,  50,  1.17563333333,
26,  52,  1.22566666667,
26,  54,  1.26983333333,
26,  56,  1.32463333333,
26,  58,  1.35973333333,
26,  60,  1.3967,
26,  62,  1.4321,
26,  64,  1.47146666667,

28,  1,  0.0768016666667,
28,  2,  0.098405,
28,  4,  0.146743333333,
28,  6,  0.19145,
28,  8,  0.227686666667,
28,  10,  0.259353333333,
28,  12,  0.295633333333,
28,  14,  0.331623333333,
28,  16,  0.369516666667,
28,  18,  0.412563333333,
28,  20,  0.45952,
28,  22,  0.511156666667,
28,  24,  0.566556666667,
28,  26,  0.623383333333,
28,  28,  0.671073333333,
28,  30,  0.727866666667,
28,  32,  0.779796666667,
28,  34,  0.820406666667,
28,  36,  0.860076666667,
28,  38,  0.904503333333,
28,  40,  0.95102,
28,  42,  0.9849,
28,  44,  1.03836666667,
28,  46,  1.09506666667,
28,  48,  1.1441,
28,  50,  1.18776666667,
28,  52,  1.2249,
28,  54,  1.2608,
28,  56,  1.32376666667,
28,  58,  1.35183333333,
28,  60,  1.3997,
28,  62,  1.4528,
28,  64,  1.4895,

30,  1,  0.0782526666667,
30,  2,  0.0968906666667,
30,  4,  0.14242,
30,  6,  0.185756666667,
30,  8,  0.222386666667,
30,  10,  0.260406666667,
30,  12,  0.30061,
30,  14,  0.346496666667,
30,  16,  0.384146666667,
30,  18,  0.442056666667,
30,  20,  0.48856,
30,  22,  0.55083,
30,  24,  0.606583333333,
30,  26,  0.64895,
30,  28,  0.695056666667,
30,  30,  0.7382,
30,  32,  0.79998,
30,  34,  0.82184,
30,  36,  0.863343333333,
30,  38,  0.903846666667,
30,  40,  0.945973333333,
30,  42,  0.99573,
30,  44,  1.0518,
30,  46,  1.093,
30,  48,  1.12513333333,
30,  50,  1.1892,
30,  52,  1.2228,
30,  54,  1.27836666667,
30,  56,  1.33333333333,
30,  58,  1.36976666667,
30,  60,  1.4071,
30,  62,  1.45306666667,
30,  64,  1.48653333333,

32,  1,  0.074325,
32,  2,  0.101773333333,
32,  4,  0.155133333333,
32,  6,  0.207276666667,
32,  8,  0.25305,
32,  10,  0.286736666667,
32,  12,  0.336666666667,
32,  14,  0.384843333333,
32,  16,  0.434576666667,
32,  18,  0.482383333333,
32,  20,  0.534276666667,
32,  22,  0.604353333333,
32,  24,  0.680436666667,
32,  26,  0.72348,
32,  28,  0.757003333333,
32,  30,  0.83205,
32,  32,  0.903453333333,
32,  34,  0.928666666667,
32,  36,  0.974173333333,
32,  38,  1.02396666667,
32,  40,  1.08013333333,
32,  42,  1.11636666667,
32,  44,  1.17013333333,
32,  46,  1.22976666667,
32,  48,  1.2988,
32,  50,  1.32813333333,
32,  52,  1.3755,
32,  54,  1.4227,
32,  56,  1.47513333333,
32,  58,  1.5241,
32,  60,  1.56836666667,
32,  62,  1.61813333333,
32,  64,  1.66963333333,
