1,  0.0782526666667,
2,  0.0968906666667,
4,  0.14242,
6,  0.185756666667,
8,  0.222386666667,
10,  0.260406666667,
12,  0.30061,
14,  0.346496666667,
16,  0.384146666667,
18,  0.442056666667,
20,  0.48856,
22,  0.55083,
24,  0.606583333333,
26,  0.64895,
28,  0.695056666667,
30,  0.7382,
32,  0.79998,
34,  0.82184,
36,  0.863343333333,
38,  0.903846666667,
40,  0.945973333333,
42,  0.99573,
44,  1.0518,
46,  1.093,
48,  1.12513333333,
50,  1.1892,
52,  1.2228,
54,  1.27836666667,
56,  1.33333333333,
58,  1.36976666667,
60,  1.4071,
62,  1.45306666667,
64,  1.48653333333,
