1,  0.062922,
2,  0.077538,
4,  0.124183333333,
6,  0.165443333333,
8,  0.199416666667,
10,  0.234783333333,
12,  0.27007,
14,  0.305943333333,
16,  0.34442,
18,  0.384026666667,
20,  0.43084,
22,  0.487276666667,
24,  0.53686,
26,  0.59066,
28,  0.640306666667,
30,  0.69752,
32,  0.748806666667,
34,  0.79066,
36,  0.828076666667,
38,  0.870016666667,
40,  0.91748,
42,  0.963913333333,
44,  1.00605,
46,  1.05693333333,
48,  1.10513333333,
50,  1.14976666667,
52,  1.192,
54,  1.24226666667,
56,  1.2981,
58,  1.3372,
60,  1.3696,
62,  1.41136666667,
64,  1.44756666667,
