28,    1,  0.0742826666667,
28,    2,  0.10185,
28,    4,  0.186143333333,
28,    6,  0.268913333333,
28,    8,  0.345813333333,
28,    10,  0.41785,
28,    12,  0.487116666667,
28,    14,  0.558656666667,
28,    16,  0.628653333333,
28,    18,  0.701366666667,
28,    20,  0.795293333333,
28,    22,  0.89139,
28,    24,  0.985046666667,
28,    26,  1.07636666667,
28,    28,  1.1731,
28,    30,  1.27823333333,
28,    32,  1.37396666667,
28,    34,  1.44076666667,
28,    36,  1.5238,
28,    38,  1.60966666667,
28,    40,  1.6948,
28,    42,  1.7742,
28,    44,  1.8573,
28,    46,  1.95326666667,
28,    48,  2.04213333333,
28,    50,  2.11306666667,
28,    52,  2.19433333333,
28,    54,  2.28633333333,
28,    56,  2.40036666667,
28,    58,  2.4616,
28,    60,  2.53333333333,
28,    62,  2.6771,
28,    64,  2.70853333333,
