1,  0.0649506666667,
2,  0.0725676666667,
4,  0.113053333333,
6,  0.148536666667,
8,  0.178016666667,
10,  0.217863333333,
12,  0.260003333333,
14,  0.305016666667,
16,  0.347896666667,
18,  0.395373333333,
20,  0.44642,
22,  0.500163333333,
24,  0.552323333333,
26,  0.591933333333,
28,  0.62717,
30,  0.681853333333,
32,  0.72829,
34,  0.751303333333,
36,  0.7986,
38,  0.84666,
40,  0.886403333333,
42,  0.922833333333,
44,  0.96867,
46,  1.01176666667,
48,  1.06166666667,
50,  1.0793,
52,  1.15193333333,
54,  1.18863333333,
56,  1.2382,
58,  1.2786,
60,  1.32116666667,
62,  1.37023333333,
64,  1.40026666667,
