20,    1,  0.067505,
20,    2,  0.089247,
20,    4,  0.16699,
20,    6,  0.24886,
20,    8,  0.320336666667,
20,    10,  0.390586666667,
20,    12,  0.461393333333,
20,    14,  0.530346666667,
20,    16,  0.600786666667,
20,    18,  0.677183333333,
20,    20,  0.761243333333,
20,    22,  0.85865,
20,    24,  0.94772,
20,    26,  1.03716666667,
20,    28,  1.12273333333,
20,    30,  1.222,
20,    32,  1.31813333333,
20,    34,  1.3955,
20,    36,  1.46886666667,
20,    38,  1.55706666667,
20,    40,  1.63993333333,
20,    42,  1.7234,
20,    44,  1.79883333333,
20,    46,  1.8787,
20,    48,  1.9657,
20,    50,  2.04533333333,
20,    52,  2.14333333333,
20,    54,  2.21646666667,
20,    56,  2.28333333333,
20,    58,  2.39696666667,
20,    60,  2.49016666667,
20,    62,  2.5758,
20,    64,  2.65796666667,
