30,    1,  0.07615,
30,    2,  0.10414,
30,    4,  0.186666666667,
30,    6,  0.269726666667,
30,    8,  0.347546666667,
30,    10,  0.42097,
30,    12,  0.491863333333,
30,    14,  0.562426666667,
30,    16,  0.63371,
30,    18,  0.713083333333,
30,    20,  0.79652,
30,    22,  0.8969,
30,    24,  0.989496666667,
30,    26,  1.07923333333,
30,    28,  1.18006666667,
30,    30,  1.2914,
30,    32,  1.3902,
30,    34,  1.4612,
30,    36,  1.5408,
30,    38,  1.6252,
30,    40,  1.7079,
30,    42,  1.78526666667,
30,    44,  1.87493333333,
30,    46,  1.9407,
30,    48,  2.0454,
30,    50,  2.13403333333,
30,    52,  2.20723333333,
30,    54,  2.28883333333,
30,    56,  2.39296666667,
30,    58,  2.45863333333,
30,    60,  2.55293333333,
30,    62,  2.65176666667,
30,    64,  2.76033333333,
