18,    1,  0.0629643333333,
18,    2,  0.084893,
18,    4,  0.159683333333,
18,    6,  0.23946,
18,    8,  0.307153333333,
18,    10,  0.378043333333,
18,    12,  0.445496666667,
18,    14,  0.528666666667,
18,    16,  0.624323333333,
18,    18,  0.699816666667,
18,    20,  0.791813333333,
18,    22,  0.88256,
18,    24,  0.969776666667,
18,    26,  1.0417,
18,    28,  1.1286,
18,    30,  1.20896666667,
18,    32,  1.2885,
18,    34,  1.3578,
18,    36,  1.4413,
18,    38,  1.52136666667,
18,    40,  1.61046666667,
18,    42,  1.67806666667,
18,    44,  1.75906666667,
18,    46,  1.84016666667,
18,    48,  1.9272,
18,    50,  1.9989,
18,    52,  2.0923,
18,    54,  2.21096666667,
18,    56,  2.25503333333,
18,    58,  2.34433333333,
18,    60,  2.4451,
18,    62,  2.54413333333,
18,    64,  2.611,
