1,  0.0672543333333,
2,  0.0830773333333,
4,  0.125536666667,
6,  0.166456666667,
8,  0.20218,
10,  0.240033333333,
12,  0.279046666667,
14,  0.315866666667,
16,  0.359866666667,
18,  0.415126666667,
20,  0.46543,
22,  0.524263333333,
24,  0.57439,
26,  0.616086666667,
28,  0.660513333333,
30,  0.695686666667,
32,  0.7503,
34,  0.780906666667,
36,  0.826916666667,
38,  0.873963333333,
40,  0.921743333333,
42,  0.96123,
44,  1.00344666667,
46,  1.06323333333,
48,  1.09826666667,
50,  1.14446666667,
52,  1.162,
54,  1.23513333333,
56,  1.27953333333,
58,  1.31973333333,
60,  1.37333333333,
62,  1.40763333333,
64,  1.44836666667,
