1,  0.0679993333333,
2,  0.0878836666667,
4,  0.136343333333,
6,  0.177936666667,
8,  0.213623333333,
10,  0.248756666667,
12,  0.282363333333,
14,  0.321153333333,
16,  0.353353333333,
18,  0.395483333333,
20,  0.439183333333,
22,  0.490556666667,
24,  0.5412,
26,  0.597333333333,
28,  0.643636666667,
30,  0.70379,
32,  0.75386,
34,  0.780136666667,
36,  0.82868,
38,  0.874383333333,
40,  0.9196,
42,  0.95649,
44,  0.99774,
46,  1.05423333333,
48,  1.0941,
50,  1.1391,
52,  1.18973333333,
54,  1.20366666667,
56,  1.27556666667,
58,  1.3144,
60,  1.37213333333,
62,  1.3941,
64,  1.44396666667,
