24,    1, 0.084425,
24,    2, 0.088534,
24,    3, 0.10209,
24,    4, 0.11168,
24,    5, 0.114405,
24,    6, 0.117445,
24,    7, 0.11949,
24,    8, 0.122285,
24,    9, 0.12594,
24,    10, 0.12937,
24,    11, 0.130845,
24,    12, 0.130035,
24,    13, 0.13592,
24,    14, 0.13748,
24,    15, 0.15054,
24,    16, 0.14151,
24,    17, 0.14347,
24,    18, 0.145315,
24,    19, 0.14737,
24,    20, 0.140035,
24,    21, 0.15469,
24,    22, 0.15275,
24,    23, 0.16103,
24,    24, 0.165185,
24,    25, 0.166725,
24,    26, 0.16456,
24,    27, 0.180425,
24,    28, 0.187475,
24,    29, 0.197455,
24,    30, 0.19138,
24,    31, 0.19498,
24,    32, 0.20064,
24,    33, 0.20244,
24,    34, 0.193545,
24,    35, 0.197385,
24,    36, 0.19864,
24,    37, 0.201555,
24,    38, 0.201085,
24,    39, 0.208405,
24,    40, 0.20938,
24,    41, 0.213675,
24,    42, 0.22109,
24,    43, 0.221255,
24,    44, 0.227385,
24,    45, 0.22778,
24,    46, 0.23204,
24,    47, 0.24312,
24,    48, 0.2394,
24,    49, 0.240815,
24,    50, 0.240375,
24,    51, 0.23725,
24,    52, 0.24054,
24,    53, 0.24349,
24,    54, 0.23863,
24,    55, 0.24285,
24,    56, 0.23537,
24,    57, 0.24536,
24,    58, 0.233665,
24,    59, 0.2467,
24,    60, 0.23537,
24,    61, 0.245865,
24,    62, 0.237425,
24,    63, 0.23037,
24,    64, 0.274685,
