18,    1, 0.067623,
18,    2, 0.0743275,
18,    3, 0.084404,
18,    4, 0.0949275,
18,    5, 0.096699,
18,    6, 0.097164,
18,    7, 0.103595,
18,    8, 0.10578,
18,    9, 0.108495,
18,    10, 0.11394,
18,    11, 0.11805,
18,    12, 0.11927,
18,    13, 0.121535,
18,    14, 0.123665,
18,    15, 0.126065,
18,    16, 0.118645,
18,    17, 0.12901,
18,    18, 0.132875,
18,    19, 0.1286,
18,    20, 0.13478,
18,    21, 0.138855,
18,    22, 0.14302,
18,    23, 0.14663,
18,    24, 0.148515,
18,    25, 0.155195,
18,    26, 0.161825,
18,    27, 0.1655,
18,    28, 0.16604,
18,    29, 0.172915,
18,    30, 0.17124,
18,    31, 0.17176,
18,    32, 0.17288,
18,    33, 0.17567,
18,    34, 0.1712,
18,    35, 0.170105,
18,    36, 0.176775,
18,    37, 0.16697,
18,    38, 0.175535,
18,    39, 0.175025,
18,    40, 0.18229,
18,    41, 0.171315,
18,    42, 0.18474,
18,    43, 0.188225,
18,    44, 0.19558,
18,    45, 0.188565,
18,    46, 0.18775,
18,    47, 0.20257,
18,    48, 0.20206,
18,    49, 0.196375,
18,    50, 0.199505,
18,    51, 0.204655,
18,    52, 0.206805,
18,    53, 0.200065,
18,    54, 0.20492,
18,    55, 0.200455,
18,    56, 0.19679,
18,    57, 0.206565,
18,    58, 0.20561,
18,    59, 0.19942,
18,    60, 0.20141,
18,    61, 0.18983,
18,    62, 0.197185,
18,    63, 0.19092,
18,    64, 0.259795,
