20,    1, 0.0737835,
20,    2, 0.079657,
20,    3, 0.090386,
20,    4, 0.0976425,
20,    5, 0.100582,
20,    6, 0.103875,
20,    7, 0.10531,
20,    8, 0.11015,
20,    9, 0.112,
20,    10, 0.11227,
20,    11, 0.11389,
20,    12, 0.1151,
20,    13, 0.1172,
20,    14, 0.119965,
20,    15, 0.121755,
20,    16, 0.119505,
20,    17, 0.12484,
20,    18, 0.12416,
20,    19, 0.12803,
20,    20, 0.122835,
20,    21, 0.13572,
20,    22, 0.14042,
20,    23, 0.143565,
20,    24, 0.14255,
20,    25, 0.14297,
20,    26, 0.1418,
20,    27, 0.148835,
20,    28, 0.14426,
20,    29, 0.142015,
20,    30, 0.14646,
20,    31, 0.15187,
20,    32, 0.146675,
20,    33, 0.156235,
20,    34, 0.148725,
20,    35, 0.15323,
20,    36, 0.146155,
20,    37, 0.157985,
20,    38, 0.160135,
20,    39, 0.158045,
20,    40, 0.15281,
20,    41, 0.165045,
20,    42, 0.16449,
20,    43, 0.163765,
20,    44, 0.164305,
20,    45, 0.17098,
20,    46, 0.16897,
20,    47, 0.174115,
20,    48, 0.16043,
20,    49, 0.16709,
20,    50, 0.17434,
20,    51, 0.166955,
20,    52, 0.16586,
20,    53, 0.171925,
20,    54, 0.17376,
20,    55, 0.167235,
20,    56, 0.164195,
20,    57, 0.17426,
20,    58, 0.174795,
20,    59, 0.18228,
20,    60, 0.16847,
20,    61, 0.17908,
20,    62, 0.18225,
20,    63, 0.172415,
20,    64, 0.21857,
