10,    1, 0.0775605,
10,    2, 0.0875655,
10,    3, 0.0977015,
10,    4, 0.11016,
10,    5, 0.11264,
10,    6, 0.115755,
10,    7, 0.11977,
10,    8, 0.12517,
10,    9, 0.12844,
10,    10, 0.13207,
10,    11, 0.13463,
10,    12, 0.137955,
10,    13, 0.141805,
10,    14, 0.14241,
10,    15, 0.14344,
10,    16, 0.15249,
10,    17, 0.15428,
10,    18, 0.161025,
10,    19, 0.16239,
10,    20, 0.174775,
10,    21, 0.181595,
10,    22, 0.18309,
10,    23, 0.185195,
10,    24, 0.185865,
10,    25, 0.182565,
10,    26, 0.18509,
10,    27, 0.198275,
10,    28, 0.20086,
10,    29, 0.2054,
10,    30, 0.20513,
10,    31, 0.19963,
10,    32, 0.207605,
10,    33, 0.20243,
10,    34, 0.20651,
10,    35, 0.204345,
10,    36, 0.21335,
10,    37, 0.21251,
10,    38, 0.21568,
10,    39, 0.218775,
10,    40, 0.224045,
10,    41, 0.22631,
10,    42, 0.221445,
10,    43, 0.217815,
10,    44, 0.231975,
10,    45, 0.23066,
10,    46, 0.249215,
10,    47, 0.23229,
10,    48, 0.237895,
10,    49, 0.242175,
10,    50, 0.239305,
10,    51, 0.24243,
10,    52, 0.244745,
10,    53, 0.238815,
10,    54, 0.246435,
10,    55, 0.234275,
10,    56, 0.24815,
10,    57, 0.240945,
10,    58, 0.251995,
10,    59, 0.24983,
10,    60, 0.249075,
10,    61, 0.25218,
10,    62, 0.255425,
10,    63, 0.246665,
10,    64, 0.305005,
