4,    1, 0.112705,
4,    2, 0.12609,
4,    3, 0.15493,
4,    4, 0.18047,
4,    5, 0.188355,
4,    6, 0.198525,
4,    7, 0.20298,
4,    8, 0.21537,
4,    9, 0.227425,
4,    10, 0.233965,
4,    11, 0.246825,
4,    12, 0.25423,
4,    13, 0.261175,
4,    14, 0.27656,
4,    15, 0.29074,
4,    16, 0.31473,
4,    17, 0.31985,
4,    18, 0.33116,
4,    19, 0.340715,
4,    20, 0.38551,
4,    21, 0.39456,
4,    22, 0.40492,
4,    23, 0.405945,
4,    24, 0.424035,
4,    25, 0.433035,
4,    26, 0.44396,
4,    27, 0.458205,
4,    28, 0.46943,
4,    29, 0.47944,
4,    30, 0.487215,
4,    31, 0.50355,
4,    32, 0.504345,
4,    33, 0.514685,
4,    34, 0.51315,
4,    35, 0.50091,
4,    36, 0.520395,
4,    37, 0.523035,
4,    38, 0.53653,
4,    39, 0.54463,
4,    40, 0.5611,
4,    41, 0.573555,
4,    42, 0.579125,
4,    43, 0.59347,
4,    44, 0.60004,
4,    45, 0.61618,
4,    46, 0.633635,
4,    47, 0.64306,
4,    48, 0.646405,
4,    49, 0.63913,
4,    50, 0.644745,
4,    51, 0.647905,
4,    52, 0.63701,
4,    53, 0.649905,
4,    54, 0.644995,
4,    55, 0.648485,
4,    56, 0.65662,
4,    57, 0.64895,
4,    58, 0.660425,
4,    59, 0.67075,
4,    60, 0.660035,
4,    61, 0.677225,
4,    62, 0.675785,
4,    63, 0.67358,
4,    64, 0.681595,
