4,    1, 0.112705,
4,    2, 0.12609,
4,    3, 0.15493,
4,    4, 0.18047,
4,    5, 0.188355,
4,    6, 0.198525,
4,    7, 0.20298,
4,    8, 0.21537,
4,    9, 0.227425,
4,    10, 0.233965,
4,    11, 0.246825,
4,    12, 0.25423,
4,    13, 0.261175,
4,    14, 0.27656,
4,    15, 0.29074,
4,    16, 0.31473,
4,    17, 0.31985,
4,    18, 0.33116,
4,    19, 0.340715,
4,    20, 0.38551,
4,    21, 0.39456,
4,    22, 0.40492,
4,    23, 0.405945,
4,    24, 0.424035,
4,    25, 0.433035,
4,    26, 0.44396,
4,    27, 0.458205,
4,    28, 0.46943,
4,    29, 0.47944,
4,    30, 0.487215,
4,    31, 0.50355,
4,    32, 0.504345,
4,    33, 0.514685,
4,    34, 0.51315,
4,    35, 0.50091,
4,    36, 0.520395,
4,    37, 0.523035,
4,    38, 0.53653,
4,    39, 0.54463,
4,    40, 0.5611,
4,    41, 0.573555,
4,    42, 0.579125,
4,    43, 0.59347,
4,    44, 0.60004,
4,    45, 0.61618,
4,    46, 0.633635,
4,    47, 0.64306,
4,    48, 0.646405,
4,    49, 0.63913,
4,    50, 0.644745,
4,    51, 0.647905,
4,    52, 0.63701,
4,    53, 0.649905,
4,    54, 0.644995,
4,    55, 0.648485,
4,    56, 0.65662,
4,    57, 0.64895,
4,    58, 0.660425,
4,    59, 0.67075,
4,    60, 0.660035,
4,    61, 0.677225,
4,    62, 0.675785,
4,    63, 0.67358,
4,    64, 0.681595,

6,    1, 0.109595,
6,    2, 0.13251,
6,    3, 0.15629,
6,    4, 0.180005,
6,    5, 0.189545,
6,    6, 0.1955,
6,    7, 0.20762,
6,    8, 0.21491,
6,    9, 0.2304,
6,    10, 0.23255,
6,    11, 0.24588,
6,    12, 0.25883,
6,    13, 0.270035,
6,    14, 0.27727,
6,    15, 0.28664,
6,    16, 0.30031,
6,    17, 0.30894,
6,    18, 0.332735,
6,    19, 0.34127,
6,    20, 0.38768,
6,    21, 0.383765,
6,    22, 0.40462,
6,    23, 0.415965,
6,    24, 0.42061,
6,    25, 0.43759,
6,    26, 0.43856,
6,    27, 0.447015,
6,    28, 0.459835,
6,    29, 0.4826,
6,    30, 0.49392,
6,    31, 0.50456,
6,    32, 0.50874,
6,    33, 0.503655,
6,    34, 0.51078,
6,    35, 0.517945,
6,    36, 0.52369,
6,    37, 0.5293,
6,    38, 0.537315,
6,    39, 0.54624,
6,    40, 0.552245,
6,    41, 0.573735,
6,    42, 0.580745,
6,    43, 0.588745,
6,    44, 0.604485,
6,    45, 0.619665,
6,    46, 0.627155,
6,    47, 0.63788,
6,    48, 0.64778,
6,    49, 0.637595,
6,    50, 0.647615,
6,    51, 0.65479,
6,    52, 0.6437,
6,    53, 0.648695,
6,    54, 0.65843,
6,    55, 0.653,
6,    56, 0.6588,
6,    57, 0.657095,
6,    58, 0.657895,
6,    59, 0.660555,
6,    60, 0.666175,
6,    61, 0.664735,
6,    62, 0.66677,
6,    63, 0.675445,
6,    64, 0.757435,

8,    1, 0.0822685,
8,    2, 0.093507,
8,    3, 0.108455,
8,    4, 0.119685,
8,    5, 0.1263,
8,    6, 0.129085,
8,    7, 0.129345,
8,    8, 0.13407,
8,    9, 0.138375,
8,    10, 0.146425,
8,    11, 0.148715,
8,    12, 0.152365,
8,    13, 0.15753,
8,    14, 0.16197,
8,    15, 0.164355,
8,    16, 0.17008,
8,    17, 0.175295,
8,    18, 0.186965,
8,    19, 0.181225,
8,    20, 0.19422,
8,    21, 0.18225,
8,    22, 0.199075,
8,    23, 0.20263,
8,    24, 0.206935,
8,    25, 0.21027,
8,    26, 0.197725,
8,    27, 0.21789,
8,    28, 0.223105,
8,    29, 0.222655,
8,    30, 0.221375,
8,    31, 0.234995,
8,    32, 0.23145,
8,    33, 0.23616,
8,    34, 0.238505,
8,    35, 0.243235,
8,    36, 0.254375,
8,    37, 0.254925,
8,    38, 0.25455,
8,    39, 0.25766,
8,    40, 0.261165,
8,    41, 0.272605,
8,    42, 0.27011,
8,    43, 0.27515,
8,    44, 0.28119,
8,    45, 0.28371,
8,    46, 0.286815,
8,    47, 0.28819,
8,    48, 0.286975,
8,    49, 0.293295,
8,    50, 0.28537,
8,    51, 0.285335,
8,    52, 0.295195,
8,    53, 0.290865,
8,    54, 0.299285,
8,    55, 0.292995,
8,    56, 0.30089,
8,    57, 0.296175,
8,    58, 0.30352,
8,    59, 0.30072,
8,    60, 0.300465,
8,    61, 0.29847,
8,    62, 0.30507,
8,    63, 0.29787,
8,    64, 0.372615,

10,    1, 0.0775605,
10,    2, 0.0875655,
10,    3, 0.0977015,
10,    4, 0.11016,
10,    5, 0.11264,
10,    6, 0.115755,
10,    7, 0.11977,
10,    8, 0.12517,
10,    9, 0.12844,
10,    10, 0.13207,
10,    11, 0.13463,
10,    12, 0.137955,
10,    13, 0.141805,
10,    14, 0.14241,
10,    15, 0.14344,
10,    16, 0.15249,
10,    17, 0.15428,
10,    18, 0.161025,
10,    19, 0.16239,
10,    20, 0.174775,
10,    21, 0.181595,
10,    22, 0.18309,
10,    23, 0.185195,
10,    24, 0.185865,
10,    25, 0.182565,
10,    26, 0.18509,
10,    27, 0.198275,
10,    28, 0.20086,
10,    29, 0.2054,
10,    30, 0.20513,
10,    31, 0.19963,
10,    32, 0.207605,
10,    33, 0.20243,
10,    34, 0.20651,
10,    35, 0.204345,
10,    36, 0.21335,
10,    37, 0.21251,
10,    38, 0.21568,
10,    39, 0.218775,
10,    40, 0.224045,
10,    41, 0.22631,
10,    42, 0.221445,
10,    43, 0.217815,
10,    44, 0.231975,
10,    45, 0.23066,
10,    46, 0.249215,
10,    47, 0.23229,
10,    48, 0.237895,
10,    49, 0.242175,
10,    50, 0.239305,
10,    51, 0.24243,
10,    52, 0.244745,
10,    53, 0.238815,
10,    54, 0.246435,
10,    55, 0.234275,
10,    56, 0.24815,
10,    57, 0.240945,
10,    58, 0.251995,
10,    59, 0.24983,
10,    60, 0.249075,
10,    61, 0.25218,
10,    62, 0.255425,
10,    63, 0.246665,
10,    64, 0.305005,

12,    1, 0.0687,
12,    2, 0.076303,
12,    3, 0.086773,
12,    4, 0.0992675,
12,    5, 0.10183,
12,    6, 0.10346,
12,    7, 0.108435,
12,    8, 0.113815,
12,    9, 0.11668,
12,    10, 0.11924,
12,    11, 0.122065,
12,    12, 0.126025,
12,    13, 0.12295,
12,    14, 0.133075,
12,    15, 0.131725,
12,    16, 0.1449,
12,    17, 0.1451,
12,    18, 0.150215,
12,    19, 0.14932,
12,    20, 0.16231,
12,    21, 0.16243,
12,    22, 0.16877,
12,    23, 0.17172,
12,    24, 0.167615,
12,    25, 0.175975,
12,    26, 0.178185,
12,    27, 0.177225,
12,    28, 0.177545,
12,    29, 0.18465,
12,    30, 0.181655,
12,    31, 0.18519,
12,    32, 0.18455,
12,    33, 0.172795,
12,    34, 0.186675,
12,    35, 0.18885,
12,    36, 0.18983,
12,    37, 0.180445,
12,    38, 0.18486,
12,    39, 0.19714,
12,    40, 0.19399,
12,    41, 0.19611,
12,    42, 0.19474,
12,    43, 0.1984,
12,    44, 0.208545,
12,    45, 0.205815,
12,    46, 0.21203,
12,    47, 0.21491,
12,    48, 0.20165,
12,    49, 0.202505,
12,    50, 0.21885,
12,    51, 0.218455,
12,    52, 0.220105,
12,    53, 0.220765,
12,    54, 0.22135,
12,    55, 0.22189,
12,    56, 0.217455,
12,    57, 0.224145,
12,    58, 0.221375,
12,    59, 0.22566,
12,    60, 0.222735,
12,    61, 0.220015,
12,    62, 0.227745,
12,    63, 0.2217,
12,    64, 0.296955,

14,    1, 0.067118,
14,    2, 0.075765,
14,    3, 0.0877635,
14,    4, 0.095506,
14,    5, 0.098113,
14,    6, 0.10169,
14,    7, 0.10664,
14,    8, 0.109955,
14,    9, 0.11194,
14,    10, 0.11575,
14,    11, 0.123165,
14,    12, 0.126265,
14,    13, 0.12867,
14,    14, 0.130695,
14,    15, 0.13469,
14,    16, 0.13096,
14,    17, 0.133455,
14,    18, 0.14024,
14,    19, 0.142065,
14,    20, 0.14243,
14,    21, 0.14939,
14,    22, 0.15349,
14,    23, 0.15234,
14,    24, 0.15217,
14,    25, 0.15261,
14,    26, 0.162255,
14,    27, 0.16283,
14,    28, 0.155425,
14,    29, 0.170615,
14,    30, 0.17412,
14,    31, 0.174855,
14,    32, 0.17806,
14,    33, 0.1748,
14,    34, 0.172715,
14,    35, 0.17017,
14,    36, 0.172555,
14,    37, 0.179935,
14,    38, 0.18835,
14,    39, 0.18985,
14,    40, 0.18973,
14,    41, 0.197195,
14,    42, 0.185065,
14,    43, 0.20316,
14,    44, 0.206535,
14,    45, 0.204825,
14,    46, 0.211835,
14,    47, 0.2139,
14,    48, 0.21676,
14,    49, 0.217615,
14,    50, 0.21644,
14,    51, 0.21046,
14,    52, 0.21077,
14,    53, 0.216805,
14,    54, 0.20906,
14,    55, 0.20559,
14,    56, 0.209135,
14,    57, 0.209935,
14,    58, 0.216345,
14,    59, 0.21585,
14,    60, 0.21979,
14,    61, 0.21302,
14,    62, 0.21186,
14,    63, 0.20473,
14,    64, 0.21404,

16,    1, 0.0636585,
16,    2, 0.0688695,
16,    3, 0.0807015,
16,    4, 0.087034,
16,    5, 0.091339,
16,    6, 0.094784,
16,    7, 0.097757,
16,    8, 0.100585,
16,    9, 0.10506,
16,    10, 0.103415,
16,    11, 0.109245,
16,    12, 0.11321,
16,    13, 0.108855,
16,    14, 0.11899,
16,    15, 0.12236,
16,    16, 0.12075,
16,    17, 0.12851,
16,    18, 0.13059,
16,    19, 0.132545,
16,    20, 0.131955,
16,    21, 0.13812,
16,    22, 0.139985,
16,    23, 0.140135,
16,    24, 0.13783,
16,    25, 0.14487,
16,    26, 0.14872,
16,    27, 0.15021,
16,    28, 0.147705,
16,    29, 0.15547,
16,    30, 0.159755,
16,    31, 0.16294,
16,    32, 0.158165,
16,    33, 0.163785,
16,    34, 0.163635,
16,    35, 0.15959,
16,    36, 0.155885,
16,    37, 0.169435,
16,    38, 0.171065,
16,    39, 0.169575,
16,    40, 0.174095,
16,    41, 0.177875,
16,    42, 0.180835,
16,    43, 0.173375,
16,    44, 0.18578,
16,    45, 0.183745,
16,    46, 0.18561,
16,    47, 0.19247,
16,    48, 0.189505,
16,    49, 0.184015,
16,    50, 0.19001,
16,    51, 0.18535,
16,    52, 0.196025,
16,    53, 0.19925,
16,    54, 0.20019,
16,    55, 0.19276,
16,    56, 0.18956,
16,    57, 0.19754,
16,    58, 0.191985,
16,    59, 0.19695,
16,    60, 0.188555,
16,    61, 0.19315,
16,    62, 0.19852,
16,    63, 0.20214,
16,    64, 0.235465,

18,    1, 0.067623,
18,    2, 0.0743275,
18,    3, 0.084404,
18,    4, 0.0949275,
18,    5, 0.096699,
18,    6, 0.097164,
18,    7, 0.103595,
18,    8, 0.10578,
18,    9, 0.108495,
18,    10, 0.11394,
18,    11, 0.11805,
18,    12, 0.11927,
18,    13, 0.121535,
18,    14, 0.123665,
18,    15, 0.126065,
18,    16, 0.118645,
18,    17, 0.12901,
18,    18, 0.132875,
18,    19, 0.1286,
18,    20, 0.13478,
18,    21, 0.138855,
18,    22, 0.14302,
18,    23, 0.14663,
18,    24, 0.148515,
18,    25, 0.155195,
18,    26, 0.161825,
18,    27, 0.1655,
18,    28, 0.16604,
18,    29, 0.172915,
18,    30, 0.17124,
18,    31, 0.17176,
18,    32, 0.17288,
18,    33, 0.17567,
18,    34, 0.1712,
18,    35, 0.170105,
18,    36, 0.176775,
18,    37, 0.16697,
18,    38, 0.175535,
18,    39, 0.175025,
18,    40, 0.18229,
18,    41, 0.171315,
18,    42, 0.18474,
18,    43, 0.188225,
18,    44, 0.19558,
18,    45, 0.188565,
18,    46, 0.18775,
18,    47, 0.20257,
18,    48, 0.20206,
18,    49, 0.196375,
18,    50, 0.199505,
18,    51, 0.204655,
18,    52, 0.206805,
18,    53, 0.200065,
18,    54, 0.20492,
18,    55, 0.200455,
18,    56, 0.19679,
18,    57, 0.206565,
18,    58, 0.20561,
18,    59, 0.19942,
18,    60, 0.20141,
18,    61, 0.18983,
18,    62, 0.197185,
18,    63, 0.19092,
18,    64, 0.259795,

20,    1, 0.0737835,
20,    2, 0.079657,
20,    3, 0.090386,
20,    4, 0.0976425,
20,    5, 0.100582,
20,    6, 0.103875,
20,    7, 0.10531,
20,    8, 0.11015,
20,    9, 0.112,
20,    10, 0.11227,
20,    11, 0.11389,
20,    12, 0.1151,
20,    13, 0.1172,
20,    14, 0.119965,
20,    15, 0.121755,
20,    16, 0.119505,
20,    17, 0.12484,
20,    18, 0.12416,
20,    19, 0.12803,
20,    20, 0.122835,
20,    21, 0.13572,
20,    22, 0.14042,
20,    23, 0.143565,
20,    24, 0.14255,
20,    25, 0.14297,
20,    26, 0.1418,
20,    27, 0.148835,
20,    28, 0.14426,
20,    29, 0.142015,
20,    30, 0.14646,
20,    31, 0.15187,
20,    32, 0.146675,
20,    33, 0.156235,
20,    34, 0.148725,
20,    35, 0.15323,
20,    36, 0.146155,
20,    37, 0.157985,
20,    38, 0.160135,
20,    39, 0.158045,
20,    40, 0.15281,
20,    41, 0.165045,
20,    42, 0.16449,
20,    43, 0.163765,
20,    44, 0.164305,
20,    45, 0.17098,
20,    46, 0.16897,
20,    47, 0.174115,
20,    48, 0.16043,
20,    49, 0.16709,
20,    50, 0.17434,
20,    51, 0.166955,
20,    52, 0.16586,
20,    53, 0.171925,
20,    54, 0.17376,
20,    55, 0.167235,
20,    56, 0.164195,
20,    57, 0.17426,
20,    58, 0.174795,
20,    59, 0.18228,
20,    60, 0.16847,
20,    61, 0.17908,
20,    62, 0.18225,
20,    63, 0.172415,
20,    64, 0.21857,

22,    1, 0.0796915,
22,    2, 0.0869185,
22,    3, 0.0974405,
22,    4, 0.10912,
22,    5, 0.11032,
22,    6, 0.114225,
22,    7, 0.11711,
22,    8, 0.12089,
22,    9, 0.12058,
22,    10, 0.125095,
22,    11, 0.1262,
22,    12, 0.12909,
22,    13, 0.130425,
22,    14, 0.13418,
22,    15, 0.137525,
22,    16, 0.138765,
22,    17, 0.135985,
22,    18, 0.141375,
22,    19, 0.140265,
22,    20, 0.148095,
22,    21, 0.155725,
22,    22, 0.158215,
22,    23, 0.16366,
22,    24, 0.162475,
22,    25, 0.175355,
22,    26, 0.17667,
22,    27, 0.184965,
22,    28, 0.186615,
22,    29, 0.18362,
22,    30, 0.190795,
22,    31, 0.20533,
22,    32, 0.199705,
22,    33, 0.19718,
22,    34, 0.19949,
22,    35, 0.197135,
22,    36, 0.2019,
22,    37, 0.196105,
22,    38, 0.20303,
22,    39, 0.21085,
22,    40, 0.20941,
22,    41, 0.218165,
22,    42, 0.21554,
22,    43, 0.22044,
22,    44, 0.230855,
22,    45, 0.2324,
22,    46, 0.2345,
22,    47, 0.246305,
22,    48, 0.24645,
22,    49, 0.25061,
22,    50, 0.2472,
22,    51, 0.25069,
22,    52, 0.25501,
22,    53, 0.2522,
22,    54, 0.25038,
22,    55, 0.25163,
22,    56, 0.23637,
22,    57, 0.231365,
22,    58, 0.23865,
22,    59, 0.23828,
22,    60, 0.24097,
22,    61, 0.2403,
22,    62, 0.23187,
22,    63, 0.23943,
22,    64, 0.265125,

24,    1, 0.084425,
24,    2, 0.088534,
24,    3, 0.10209,
24,    4, 0.11168,
24,    5, 0.114405,
24,    6, 0.117445,
24,    7, 0.11949,
24,    8, 0.122285,
24,    9, 0.12594,
24,    10, 0.12937,
24,    11, 0.130845,
24,    12, 0.130035,
24,    13, 0.13592,
24,    14, 0.13748,
24,    15, 0.15054,
24,    16, 0.14151,
24,    17, 0.14347,
24,    18, 0.145315,
24,    19, 0.14737,
24,    20, 0.140035,
24,    21, 0.15469,
24,    22, 0.15275,
24,    23, 0.16103,
24,    24, 0.165185,
24,    25, 0.166725,
24,    26, 0.16456,
24,    27, 0.180425,
24,    28, 0.187475,
24,    29, 0.197455,
24,    30, 0.19138,
24,    31, 0.19498,
24,    32, 0.20064,
24,    33, 0.20244,
24,    34, 0.193545,
24,    35, 0.197385,
24,    36, 0.19864,
24,    37, 0.201555,
24,    38, 0.201085,
24,    39, 0.208405,
24,    40, 0.20938,
24,    41, 0.213675,
24,    42, 0.22109,
24,    43, 0.221255,
24,    44, 0.227385,
24,    45, 0.22778,
24,    46, 0.23204,
24,    47, 0.24312,
24,    48, 0.2394,
24,    49, 0.240815,
24,    50, 0.240375,
24,    51, 0.23725,
24,    52, 0.24054,
24,    53, 0.24349,
24,    54, 0.23863,
24,    55, 0.24285,
24,    56, 0.23537,
24,    57, 0.24536,
24,    58, 0.233665,
24,    59, 0.2467,
24,    60, 0.23537,
24,    61, 0.245865,
24,    62, 0.237425,
24,    63, 0.23037,
24,    64, 0.274685,

26,    1, 0.085851,
26,    2, 0.0923895,
26,    3, 0.10466,
26,    4, 0.11411,
26,    5, 0.115625,
26,    6, 0.118985,
26,    7, 0.122665,
26,    8, 0.1247,
26,    9, 0.127585,
26,    10, 0.1303,
26,    11, 0.132455,
26,    12, 0.13424,
26,    13, 0.136905,
26,    14, 0.14016,
26,    15, 0.13775,
26,    16, 0.14405,
26,    17, 0.14537,
26,    18, 0.14501,
26,    19, 0.149555,
26,    20, 0.15382,
26,    21, 0.157575,
26,    22, 0.162255,
26,    23, 0.1674,
26,    24, 0.16345,
26,    25, 0.15869,
26,    26, 0.165605,
26,    27, 0.173985,
26,    28, 0.17674,
26,    29, 0.183555,
26,    30, 0.18923,
26,    31, 0.19723,
26,    32, 0.18493,
26,    33, 0.193915,
26,    34, 0.187735,
26,    35, 0.18733,
26,    36, 0.18983,
26,    37, 0.192205,
26,    38, 0.19735,
26,    39, 0.202755,
26,    40, 0.202375,
26,    41, 0.210925,
26,    42, 0.21462,
26,    43, 0.22226,
26,    44, 0.217825,
26,    45, 0.228735,
26,    46, 0.242355,
26,    47, 0.237815,
26,    48, 0.23118,
26,    49, 0.23814,
26,    50, 0.236875,
26,    51, 0.233295,
26,    52, 0.24287,
26,    53, 0.23822,
26,    54, 0.23793,
26,    55, 0.232905,
26,    56, 0.239885,
26,    57, 0.24125,
26,    58, 0.245475,
26,    59, 0.24386,
26,    60, 0.24415,
26,    61, 0.240315,
26,    62, 0.258645,
26,    63, 0.24472,
26,    64, 0.259485,

28,    1, 0.0856785,
28,    2, 0.0937035,
28,    3, 0.106635,
28,    4, 0.11729,
28,    5, 0.11965,
28,    6, 0.12203,
28,    7, 0.125865,
28,    8, 0.12731,
28,    9, 0.13038,
28,    10, 0.132495,
28,    11, 0.13484,
28,    12, 0.13692,
28,    13, 0.13407,
28,    14, 0.135425,
28,    15, 0.142755,
28,    16, 0.14401,
28,    17, 0.136465,
28,    18, 0.14554,
28,    19, 0.15389,
28,    20, 0.154665,
28,    21, 0.17005,
28,    22, 0.169295,
28,    23, 0.181985,
28,    24, 0.17061,
28,    25, 0.184135,
28,    26, 0.186235,
28,    27, 0.17644,
28,    28, 0.1791,
28,    29, 0.1819,
28,    30, 0.189895,
28,    31, 0.196595,
28,    32, 0.18398,
28,    33, 0.19584,
28,    34, 0.200575,
28,    35, 0.19834,
28,    36, 0.206355,
28,    37, 0.203295,
28,    38, 0.20636,
28,    39, 0.21135,
28,    40, 0.204375,
28,    41, 0.205955,
28,    42, 0.21191,
28,    43, 0.208415,
28,    44, 0.223315,
28,    45, 0.22419,
28,    46, 0.229105,
28,    47, 0.240715,
28,    48, 0.239035,
28,    49, 0.23696,
28,    50, 0.232015,
28,    51, 0.243125,
28,    52, 0.23864,
28,    53, 0.2325,
28,    54, 0.230595,
28,    55, 0.23517,
28,    56, 0.239965,
28,    57, 0.240465,
28,    58, 0.23147,
28,    59, 0.254155,
28,    60, 0.24839,
28,    61, 0.2476,
28,    62, 0.254825,
28,    63, 0.25143,
28,    64, 0.289125,

30,    1, 0.085096,
30,    2, 0.093028,
30,    3, 0.10632,
30,    4, 0.11664,
30,    5, 0.11788,
30,    6, 0.120275,
30,    7, 0.123405,
30,    8, 0.12749,
30,    9, 0.12804,
30,    10, 0.130105,
30,    11, 0.131155,
30,    12, 0.133975,
30,    13, 0.13535,
30,    14, 0.13703,
30,    15, 0.14197,
30,    16, 0.1375,
30,    17, 0.140045,
30,    18, 0.143715,
30,    19, 0.14438,
30,    20, 0.14955,
30,    21, 0.151375,
30,    22, 0.14183,
30,    23, 0.15658,
30,    24, 0.15816,
30,    25, 0.15436,
30,    26, 0.15671,
30,    27, 0.155135,
30,    28, 0.165935,
30,    29, 0.16343,
30,    30, 0.16658,
30,    31, 0.170425,
30,    32, 0.17104,
30,    33, 0.16725,
30,    34, 0.177395,
30,    35, 0.164385,
30,    36, 0.16686,
30,    37, 0.17468,
30,    38, 0.17778,
30,    39, 0.176165,
30,    40, 0.176115,
30,    41, 0.182315,
30,    42, 0.185295,
30,    43, 0.187295,
30,    44, 0.19113,
30,    45, 0.189595,
30,    46, 0.19022,
30,    47, 0.198935,
30,    48, 0.204395,
30,    49, 0.191285,
30,    50, 0.20471,
30,    51, 0.193655,
30,    52, 0.19754,
30,    53, 0.202275,
30,    54, 0.19687,
30,    55, 0.19605,
30,    56, 0.198795,
30,    57, 0.20439,
30,    58, 0.20078,
30,    59, 0.198985,
30,    60, 0.205915,
30,    61, 0.201025,
30,    62, 0.207245,
30,    63, 0.201255,
30,    64, 0.24573,

32,    1, 0.0799105,
32,    2, 0.0848625,
32,    3, 0.0986385,
32,    4, 0.106095,
32,    5, 0.10956,
32,    6, 0.111895,
32,    7, 0.116155,
32,    8, 0.1179,
32,    9, 0.12138,
32,    10, 0.12251,
32,    11, 0.123585,
32,    12, 0.126215,
32,    13, 0.1294,
32,    14, 0.131445,
32,    15, 0.13587,
32,    16, 0.1313,
32,    17, 0.136915,
32,    18, 0.13873,
32,    19, 0.139785,
32,    20, 0.14587,
32,    21, 0.149285,
32,    22, 0.150055,
32,    23, 0.15472,
32,    24, 0.153905,
32,    25, 0.156695,
32,    26, 0.15267,
32,    27, 0.167135,
32,    28, 0.163725,
32,    29, 0.172015,
32,    30, 0.18333,
32,    31, 0.187105,
32,    32, 0.18554,
32,    33, 0.18265,
32,    34, 0.180655,
32,    35, 0.185885,
32,    36, 0.18989,
32,    37, 0.186205,
32,    38, 0.19419,
32,    39, 0.200025,
32,    40, 0.20693,
32,    41, 0.206985,
32,    42, 0.210545,
32,    43, 0.210105,
32,    44, 0.22346,
32,    45, 0.226185,
32,    46, 0.23001,
32,    47, 0.23463,
32,    48, 0.234245,
32,    49, 0.2434,
32,    50, 0.23782,
32,    51, 0.233055,
32,    52, 0.234585,
32,    53, 0.238645,
32,    54, 0.240885,
32,    55, 0.242855,
32,    56, 0.235555,
32,    57, 0.24542,
32,    58, 0.229735,
32,    59, 0.244875,
32,    60, 0.23678,
32,    61, 0.246815,
32,    62, 0.24398,
32,    63, 0.233425,
32,    64, 0.2747,
