26,    1, 0.085851,
26,    2, 0.0923895,
26,    3, 0.10466,
26,    4, 0.11411,
26,    5, 0.115625,
26,    6, 0.118985,
26,    7, 0.122665,
26,    8, 0.1247,
26,    9, 0.127585,
26,    10, 0.1303,
26,    11, 0.132455,
26,    12, 0.13424,
26,    13, 0.136905,
26,    14, 0.14016,
26,    15, 0.13775,
26,    16, 0.14405,
26,    17, 0.14537,
26,    18, 0.14501,
26,    19, 0.149555,
26,    20, 0.15382,
26,    21, 0.157575,
26,    22, 0.162255,
26,    23, 0.1674,
26,    24, 0.16345,
26,    25, 0.15869,
26,    26, 0.165605,
26,    27, 0.173985,
26,    28, 0.17674,
26,    29, 0.183555,
26,    30, 0.18923,
26,    31, 0.19723,
26,    32, 0.18493,
26,    33, 0.193915,
26,    34, 0.187735,
26,    35, 0.18733,
26,    36, 0.18983,
26,    37, 0.192205,
26,    38, 0.19735,
26,    39, 0.202755,
26,    40, 0.202375,
26,    41, 0.210925,
26,    42, 0.21462,
26,    43, 0.22226,
26,    44, 0.217825,
26,    45, 0.228735,
26,    46, 0.242355,
26,    47, 0.237815,
26,    48, 0.23118,
26,    49, 0.23814,
26,    50, 0.236875,
26,    51, 0.233295,
26,    52, 0.24287,
26,    53, 0.23822,
26,    54, 0.23793,
26,    55, 0.232905,
26,    56, 0.239885,
26,    57, 0.24125,
26,    58, 0.245475,
26,    59, 0.24386,
26,    60, 0.24415,
26,    61, 0.240315,
26,    62, 0.258645,
26,    63, 0.24472,
26,    64, 0.259485,
