6,    1, 0.109595,
6,    2, 0.13251,
6,    3, 0.15629,
6,    4, 0.180005,
6,    5, 0.189545,
6,    6, 0.1955,
6,    7, 0.20762,
6,    8, 0.21491,
6,    9, 0.2304,
6,    10, 0.23255,
6,    11, 0.24588,
6,    12, 0.25883,
6,    13, 0.270035,
6,    14, 0.27727,
6,    15, 0.28664,
6,    16, 0.30031,
6,    17, 0.30894,
6,    18, 0.332735,
6,    19, 0.34127,
6,    20, 0.38768,
6,    21, 0.383765,
6,    22, 0.40462,
6,    23, 0.415965,
6,    24, 0.42061,
6,    25, 0.43759,
6,    26, 0.43856,
6,    27, 0.447015,
6,    28, 0.459835,
6,    29, 0.4826,
6,    30, 0.49392,
6,    31, 0.50456,
6,    32, 0.50874,
6,    33, 0.503655,
6,    34, 0.51078,
6,    35, 0.517945,
6,    36, 0.52369,
6,    37, 0.5293,
6,    38, 0.537315,
6,    39, 0.54624,
6,    40, 0.552245,
6,    41, 0.573735,
6,    42, 0.580745,
6,    43, 0.588745,
6,    44, 0.604485,
6,    45, 0.619665,
6,    46, 0.627155,
6,    47, 0.63788,
6,    48, 0.64778,
6,    49, 0.637595,
6,    50, 0.647615,
6,    51, 0.65479,
6,    52, 0.6437,
6,    53, 0.648695,
6,    54, 0.65843,
6,    55, 0.653,
6,    56, 0.6588,
6,    57, 0.657095,
6,    58, 0.657895,
6,    59, 0.660555,
6,    60, 0.666175,
6,    61, 0.664735,
6,    62, 0.66677,
6,    63, 0.675445,
6,    64, 0.757435,
