16,    1, 0.0636585,
16,    2, 0.0688695,
16,    3, 0.0807015,
16,    4, 0.087034,
16,    5, 0.091339,
16,    6, 0.094784,
16,    7, 0.097757,
16,    8, 0.100585,
16,    9, 0.10506,
16,    10, 0.103415,
16,    11, 0.109245,
16,    12, 0.11321,
16,    13, 0.108855,
16,    14, 0.11899,
16,    15, 0.12236,
16,    16, 0.12075,
16,    17, 0.12851,
16,    18, 0.13059,
16,    19, 0.132545,
16,    20, 0.131955,
16,    21, 0.13812,
16,    22, 0.139985,
16,    23, 0.140135,
16,    24, 0.13783,
16,    25, 0.14487,
16,    26, 0.14872,
16,    27, 0.15021,
16,    28, 0.147705,
16,    29, 0.15547,
16,    30, 0.159755,
16,    31, 0.16294,
16,    32, 0.158165,
16,    33, 0.163785,
16,    34, 0.163635,
16,    35, 0.15959,
16,    36, 0.155885,
16,    37, 0.169435,
16,    38, 0.171065,
16,    39, 0.169575,
16,    40, 0.174095,
16,    41, 0.177875,
16,    42, 0.180835,
16,    43, 0.173375,
16,    44, 0.18578,
16,    45, 0.183745,
16,    46, 0.18561,
16,    47, 0.19247,
16,    48, 0.189505,
16,    49, 0.184015,
16,    50, 0.19001,
16,    51, 0.18535,
16,    52, 0.196025,
16,    53, 0.19925,
16,    54, 0.20019,
16,    55, 0.19276,
16,    56, 0.18956,
16,    57, 0.19754,
16,    58, 0.191985,
16,    59, 0.19695,
16,    60, 0.188555,
16,    61, 0.19315,
16,    62, 0.19852,
16,    63, 0.20214,
16,    64, 0.235465,
