28,    1, 0.0856785,
28,    2, 0.0937035,
28,    3, 0.106635,
28,    4, 0.11729,
28,    5, 0.11965,
28,    6, 0.12203,
28,    7, 0.125865,
28,    8, 0.12731,
28,    9, 0.13038,
28,    10, 0.132495,
28,    11, 0.13484,
28,    12, 0.13692,
28,    13, 0.13407,
28,    14, 0.135425,
28,    15, 0.142755,
28,    16, 0.14401,
28,    17, 0.136465,
28,    18, 0.14554,
28,    19, 0.15389,
28,    20, 0.154665,
28,    21, 0.17005,
28,    22, 0.169295,
28,    23, 0.181985,
28,    24, 0.17061,
28,    25, 0.184135,
28,    26, 0.186235,
28,    27, 0.17644,
28,    28, 0.1791,
28,    29, 0.1819,
28,    30, 0.189895,
28,    31, 0.196595,
28,    32, 0.18398,
28,    33, 0.19584,
28,    34, 0.200575,
28,    35, 0.19834,
28,    36, 0.206355,
28,    37, 0.203295,
28,    38, 0.20636,
28,    39, 0.21135,
28,    40, 0.204375,
28,    41, 0.205955,
28,    42, 0.21191,
28,    43, 0.208415,
28,    44, 0.223315,
28,    45, 0.22419,
28,    46, 0.229105,
28,    47, 0.240715,
28,    48, 0.239035,
28,    49, 0.23696,
28,    50, 0.232015,
28,    51, 0.243125,
28,    52, 0.23864,
28,    53, 0.2325,
28,    54, 0.230595,
28,    55, 0.23517,
28,    56, 0.239965,
28,    57, 0.240465,
28,    58, 0.23147,
28,    59, 0.254155,
28,    60, 0.24839,
28,    61, 0.2476,
28,    62, 0.254825,
28,    63, 0.25143,
28,    64, 0.289125,
