12,    1, 0.0687,
12,    2, 0.076303,
12,    3, 0.086773,
12,    4, 0.0992675,
12,    5, 0.10183,
12,    6, 0.10346,
12,    7, 0.108435,
12,    8, 0.113815,
12,    9, 0.11668,
12,    10, 0.11924,
12,    11, 0.122065,
12,    12, 0.126025,
12,    13, 0.12295,
12,    14, 0.133075,
12,    15, 0.131725,
12,    16, 0.1449,
12,    17, 0.1451,
12,    18, 0.150215,
12,    19, 0.14932,
12,    20, 0.16231,
12,    21, 0.16243,
12,    22, 0.16877,
12,    23, 0.17172,
12,    24, 0.167615,
12,    25, 0.175975,
12,    26, 0.178185,
12,    27, 0.177225,
12,    28, 0.177545,
12,    29, 0.18465,
12,    30, 0.181655,
12,    31, 0.18519,
12,    32, 0.18455,
12,    33, 0.172795,
12,    34, 0.186675,
12,    35, 0.18885,
12,    36, 0.18983,
12,    37, 0.180445,
12,    38, 0.18486,
12,    39, 0.19714,
12,    40, 0.19399,
12,    41, 0.19611,
12,    42, 0.19474,
12,    43, 0.1984,
12,    44, 0.208545,
12,    45, 0.205815,
12,    46, 0.21203,
12,    47, 0.21491,
12,    48, 0.20165,
12,    49, 0.202505,
12,    50, 0.21885,
12,    51, 0.218455,
12,    52, 0.220105,
12,    53, 0.220765,
12,    54, 0.22135,
12,    55, 0.22189,
12,    56, 0.217455,
12,    57, 0.224145,
12,    58, 0.221375,
12,    59, 0.22566,
12,    60, 0.222735,
12,    61, 0.220015,
12,    62, 0.227745,
12,    63, 0.2217,
12,    64, 0.296955,
