32,    1, 0.0799105,
32,    2, 0.0848625,
32,    3, 0.0986385,
32,    4, 0.106095,
32,    5, 0.10956,
32,    6, 0.111895,
32,    7, 0.116155,
32,    8, 0.1179,
32,    9, 0.12138,
32,    10, 0.12251,
32,    11, 0.123585,
32,    12, 0.126215,
32,    13, 0.1294,
32,    14, 0.131445,
32,    15, 0.13587,
32,    16, 0.1313,
32,    17, 0.136915,
32,    18, 0.13873,
32,    19, 0.139785,
32,    20, 0.14587,
32,    21, 0.149285,
32,    22, 0.150055,
32,    23, 0.15472,
32,    24, 0.153905,
32,    25, 0.156695,
32,    26, 0.15267,
32,    27, 0.167135,
32,    28, 0.163725,
32,    29, 0.172015,
32,    30, 0.18333,
32,    31, 0.187105,
32,    32, 0.18554,
32,    33, 0.18265,
32,    34, 0.180655,
32,    35, 0.185885,
32,    36, 0.18989,
32,    37, 0.186205,
32,    38, 0.19419,
32,    39, 0.200025,
32,    40, 0.20693,
32,    41, 0.206985,
32,    42, 0.210545,
32,    43, 0.210105,
32,    44, 0.22346,
32,    45, 0.226185,
32,    46, 0.23001,
32,    47, 0.23463,
32,    48, 0.234245,
32,    49, 0.2434,
32,    50, 0.23782,
32,    51, 0.233055,
32,    52, 0.234585,
32,    53, 0.238645,
32,    54, 0.240885,
32,    55, 0.242855,
32,    56, 0.235555,
32,    57, 0.24542,
32,    58, 0.229735,
32,    59, 0.244875,
32,    60, 0.23678,
32,    61, 0.246815,
32,    62, 0.24398,
32,    63, 0.233425,
32,    64, 0.2747,
