22,    1, 0.0796915,
22,    2, 0.0869185,
22,    3, 0.0974405,
22,    4, 0.10912,
22,    5, 0.11032,
22,    6, 0.114225,
22,    7, 0.11711,
22,    8, 0.12089,
22,    9, 0.12058,
22,    10, 0.125095,
22,    11, 0.1262,
22,    12, 0.12909,
22,    13, 0.130425,
22,    14, 0.13418,
22,    15, 0.137525,
22,    16, 0.138765,
22,    17, 0.135985,
22,    18, 0.141375,
22,    19, 0.140265,
22,    20, 0.148095,
22,    21, 0.155725,
22,    22, 0.158215,
22,    23, 0.16366,
22,    24, 0.162475,
22,    25, 0.175355,
22,    26, 0.17667,
22,    27, 0.184965,
22,    28, 0.186615,
22,    29, 0.18362,
22,    30, 0.190795,
22,    31, 0.20533,
22,    32, 0.199705,
22,    33, 0.19718,
22,    34, 0.19949,
22,    35, 0.197135,
22,    36, 0.2019,
22,    37, 0.196105,
22,    38, 0.20303,
22,    39, 0.21085,
22,    40, 0.20941,
22,    41, 0.218165,
22,    42, 0.21554,
22,    43, 0.22044,
22,    44, 0.230855,
22,    45, 0.2324,
22,    46, 0.2345,
22,    47, 0.246305,
22,    48, 0.24645,
22,    49, 0.25061,
22,    50, 0.2472,
22,    51, 0.25069,
22,    52, 0.25501,
22,    53, 0.2522,
22,    54, 0.25038,
22,    55, 0.25163,
22,    56, 0.23637,
22,    57, 0.231365,
22,    58, 0.23865,
22,    59, 0.23828,
22,    60, 0.24097,
22,    61, 0.2403,
22,    62, 0.23187,
22,    63, 0.23943,
22,    64, 0.265125,
