30,    1, 0.085096,
30,    2, 0.093028,
30,    3, 0.10632,
30,    4, 0.11664,
30,    5, 0.11788,
30,    6, 0.120275,
30,    7, 0.123405,
30,    8, 0.12749,
30,    9, 0.12804,
30,    10, 0.130105,
30,    11, 0.131155,
30,    12, 0.133975,
30,    13, 0.13535,
30,    14, 0.13703,
30,    15, 0.14197,
30,    16, 0.1375,
30,    17, 0.140045,
30,    18, 0.143715,
30,    19, 0.14438,
30,    20, 0.14955,
30,    21, 0.151375,
30,    22, 0.14183,
30,    23, 0.15658,
30,    24, 0.15816,
30,    25, 0.15436,
30,    26, 0.15671,
30,    27, 0.155135,
30,    28, 0.165935,
30,    29, 0.16343,
30,    30, 0.16658,
30,    31, 0.170425,
30,    32, 0.17104,
30,    33, 0.16725,
30,    34, 0.177395,
30,    35, 0.164385,
30,    36, 0.16686,
30,    37, 0.17468,
30,    38, 0.17778,
30,    39, 0.176165,
30,    40, 0.176115,
30,    41, 0.182315,
30,    42, 0.185295,
30,    43, 0.187295,
30,    44, 0.19113,
30,    45, 0.189595,
30,    46, 0.19022,
30,    47, 0.198935,
30,    48, 0.204395,
30,    49, 0.191285,
30,    50, 0.20471,
30,    51, 0.193655,
30,    52, 0.19754,
30,    53, 0.202275,
30,    54, 0.19687,
30,    55, 0.19605,
30,    56, 0.198795,
30,    57, 0.20439,
30,    58, 0.20078,
30,    59, 0.198985,
30,    60, 0.205915,
30,    61, 0.201025,
30,    62, 0.207245,
30,    63, 0.201255,
30,    64, 0.24573,
