8,    1, 0.0822685,
8,    2, 0.093507,
8,    3, 0.108455,
8,    4, 0.119685,
8,    5, 0.1263,
8,    6, 0.129085,
8,    7, 0.129345,
8,    8, 0.13407,
8,    9, 0.138375,
8,    10, 0.146425,
8,    11, 0.148715,
8,    12, 0.152365,
8,    13, 0.15753,
8,    14, 0.16197,
8,    15, 0.164355,
8,    16, 0.17008,
8,    17, 0.175295,
8,    18, 0.186965,
8,    19, 0.181225,
8,    20, 0.19422,
8,    21, 0.18225,
8,    22, 0.199075,
8,    23, 0.20263,
8,    24, 0.206935,
8,    25, 0.21027,
8,    26, 0.197725,
8,    27, 0.21789,
8,    28, 0.223105,
8,    29, 0.222655,
8,    30, 0.221375,
8,    31, 0.234995,
8,    32, 0.23145,
8,    33, 0.23616,
8,    34, 0.238505,
8,    35, 0.243235,
8,    36, 0.254375,
8,    37, 0.254925,
8,    38, 0.25455,
8,    39, 0.25766,
8,    40, 0.261165,
8,    41, 0.272605,
8,    42, 0.27011,
8,    43, 0.27515,
8,    44, 0.28119,
8,    45, 0.28371,
8,    46, 0.286815,
8,    47, 0.28819,
8,    48, 0.286975,
8,    49, 0.293295,
8,    50, 0.28537,
8,    51, 0.285335,
8,    52, 0.295195,
8,    53, 0.290865,
8,    54, 0.299285,
8,    55, 0.292995,
8,    56, 0.30089,
8,    57, 0.296175,
8,    58, 0.30352,
8,    59, 0.30072,
8,    60, 0.300465,
8,    61, 0.29847,
8,    62, 0.30507,
8,    63, 0.29787,
8,    64, 0.372615,
