14,    1, 0.067118,
14,    2, 0.075765,
14,    3, 0.0877635,
14,    4, 0.095506,
14,    5, 0.098113,
14,    6, 0.10169,
14,    7, 0.10664,
14,    8, 0.109955,
14,    9, 0.11194,
14,    10, 0.11575,
14,    11, 0.123165,
14,    12, 0.126265,
14,    13, 0.12867,
14,    14, 0.130695,
14,    15, 0.13469,
14,    16, 0.13096,
14,    17, 0.133455,
14,    18, 0.14024,
14,    19, 0.142065,
14,    20, 0.14243,
14,    21, 0.14939,
14,    22, 0.15349,
14,    23, 0.15234,
14,    24, 0.15217,
14,    25, 0.15261,
14,    26, 0.162255,
14,    27, 0.16283,
14,    28, 0.155425,
14,    29, 0.170615,
14,    30, 0.17412,
14,    31, 0.174855,
14,    32, 0.17806,
14,    33, 0.1748,
14,    34, 0.172715,
14,    35, 0.17017,
14,    36, 0.172555,
14,    37, 0.179935,
14,    38, 0.18835,
14,    39, 0.18985,
14,    40, 0.18973,
14,    41, 0.197195,
14,    42, 0.185065,
14,    43, 0.20316,
14,    44, 0.206535,
14,    45, 0.204825,
14,    46, 0.211835,
14,    47, 0.2139,
14,    48, 0.21676,
14,    49, 0.217615,
14,    50, 0.21644,
14,    51, 0.21046,
14,    52, 0.21077,
14,    53, 0.216805,
14,    54, 0.20906,
14,    55, 0.20559,
14,    56, 0.209135,
14,    57, 0.209935,
14,    58, 0.216345,
14,    59, 0.21585,
14,    60, 0.21979,
14,    61, 0.21302,
14,    62, 0.21186,
14,    63, 0.20473,
14,    64, 0.21404,
