2, 0.066025,
4, 0.137806666667,
6, 0.206003333333,
8, 0.26623,
10, 0.334526666667,
12, 0.40252,
14, 0.466453333333,
16, 0.535196666667,
18, 0.60522,
20, 0.69357,
22, 0.785163333333,
24, 0.854673333333,
26, 0.93038,
28, 1.01866666667,
30, 1.11766666667,
32, 1.20133333333,
34, 1.26873333333,
36, 1.35446666667,
38, 1.43306666667,
40, 1.5111,
42, 1.58636666667,
44, 1.65523333333,
46, 1.73866666667,
48, 1.8118,
50, 1.88313333333,
52, 1.97943333333,
54, 2.04853333333,
56, 2.13456666667,
58, 2.18496666667,
60, 2.30003333333,
62, 2.38213333333,
64, 2.46053333333,
