2, 0.066045,
4, 0.133356666667,
6, 0.202623333333,
8, 0.265476666667,
10, 0.333796666667,
12, 0.40021,
14, 0.46785,
16, 0.53406,
18, 0.60623,
20, 0.686326666667,
22, 0.780986666667,
24, 0.854666666667,
26, 0.927546666667,
28, 1.0204,
30, 1.11756666667,
32, 1.20233333333,
34, 1.27446666667,
36, 1.35563333333,
38, 1.4347,
40, 1.5099,
42, 1.5832,
44, 1.6577,
46, 1.7319,
48, 1.80913333333,
50, 1.8837,
52, 1.97286666667,
54, 2.0502,
56, 2.13213333333,
58, 2.20086666667,
60, 2.2835,
62, 2.3679,
64, 2.46966666667,
