16, 2, 0.063158,
16, 4, 0.131793333333,
16, 6, 0.200546666667,
16, 8, 0.25731,
16, 10, 0.330183333333,
16, 12, 0.408013333333,
16, 14, 0.494533333333,
16, 16, 0.567766666667,
16, 18, 0.652383333333,
16, 20, 0.73718,
16, 22, 0.828716666667,
16, 24, 0.90359,
16, 26, 0.98301,
16, 28, 1.05813333333,
16, 30, 1.13913333333,
16, 32, 1.21846666667,
16, 34, 1.28596666667,
16, 36, 1.36293333333,
16, 38, 1.44003333333,
16, 40, 1.51703333333,
16, 42, 1.59123333333,
16, 44, 1.66376666667,
16, 46, 1.73663333333,
16, 48, 1.81256666667,
16, 50, 1.89323333333,
16, 52, 1.98733333333,
16, 54, 2.05756666667,
16, 56, 2.13576666667,
16, 58, 2.20803333333,
16, 60, 2.29486666667,
16, 62, 2.38496666667,
16, 64, 2.485,
