2, 0.0678076666667,
4, 0.137046666667,
6, 0.204933333333,
8, 0.264343333333,
10, 0.331453333333,
12, 0.399353333333,
14, 0.46676,
16, 0.52784,
18, 0.603196666667,
20, 0.687923333333,
22, 0.778356666667,
24, 0.852993333333,
26, 0.92065,
28, 1.01333333333,
30, 1.1156,
32, 1.20413333333,
34, 1.2762,
36, 1.34776666667,
38, 1.43193333333,
40, 1.5122,
42, 1.582,
44, 1.63863333333,
46, 1.7383,
48, 1.8155,
50, 1.88943333333,
52, 1.97166666667,
54, 2.03403333333,
56, 2.12986666667,
58, 2.20266666667,
60, 2.2978,
62, 2.379,
64, 2.44326666667,
