8, 2, 0.0621133333333,
8, 4, 0.132366666667,
8, 6, 0.202983333333,
8, 8, 0.269446666667,
8, 10, 0.339666666667,
8, 12, 0.406736666667,
8, 14, 0.47498,
8, 16, 0.540503333333,
8, 18, 0.61433,
8, 20, 0.701326666667,
8, 22, 0.794906666667,
8, 24, 0.873566666667,
8, 26, 0.94236,
8, 28, 1.04376666667,
8, 30, 1.13563333333,
8, 32, 1.22203333333,
8, 34, 1.2962,
8, 36, 1.3726,
8, 38, 1.45506666667,
8, 40, 1.5431,
8, 42, 1.61416666667,
8, 44, 1.69166666667,
8, 46, 1.76983333333,
8, 48, 1.85066666667,
8, 50, 1.97333333333,
8, 52, 2.02903333333,
8, 54, 2.1077,
8, 56, 2.28533333333,
8, 58, 2.34393333333,
8, 60, 2.412,
8, 62, 2.55886666667,
8, 64, 2.71433333333,
