1, 2, 0.062985,
1, 4, 0.139983333333,
1, 6, 0.21448,
1, 8, 0.282713333333,
1, 10, 0.355623333333,
1, 12, 0.42467,
1, 14, 0.497076666667,
1, 16, 0.563496666667,
1, 18, 0.650453333333,
1, 20, 0.745276666667,
1, 22, 0.892346666667,
1, 24, 1.07416666667,
1, 26, 1.25706666667,
1, 28, 1.50103333333,
1, 30, 1.78903333333,
1, 32, 1.96393333333,
1, 34, 1.8116,
1, 36, 2.00643333333,
1, 38, 2.34066666667,
1, 40, 2.59846666667,
1, 42, 2.79223333333,
1, 44, 3.09356666667,
1, 46, 3.03783333333,
1, 48, 3.17516666667,
1, 50, 3.04023333333,
1, 52, 3.25183333333,
1, 54, 3.62833333333,
1, 56, 3.61856666667,
1, 58, 4.02553333333,
1, 60, 3.96776666667,
1, 62, 4.22503333333,
1, 64, 4.48553333333,
