2, 0.0620613333333,
4, 0.131726666667,
6, 0.202546666667,
8, 0.265633333333,
10, 0.330686666667,
12, 0.402286666667,
14, 0.471636666667,
16, 0.5399,
18, 0.6117,
20, 0.694416666667,
22, 0.78996,
24, 0.865933333333,
26, 0.937516666667,
28, 1.0256,
30, 1.12316666667,
32, 1.1943,
34, 1.28223333333,
36, 1.36193333333,
38, 1.44516666667,
40, 1.52026666667,
42, 1.58766666667,
44, 1.67003333333,
46, 1.75683333333,
48, 1.8257,
50, 1.897,
52, 1.98886666667,
54, 2.07666666667,
56, 2.14483333333,
58, 2.22606666667,
60, 2.3202,
62, 2.3964,
64, 2.50716666667,
