#Exe Time: 5, Capacity: 1048576,  Prefill: 10000, Enqueue: 100, Dequeue: 0 
Threads	wf_tester.x	mcas_tester.x	coarse_lock_tester.x	atomics_tester.x
1	92223423.3333	63494149.0	42350115.6667	92553783.6667	
2	174778107.0	98839751.6667	10737184.0	38861571.6667	
4	347186297.333	143265040.333	3083367.0	39408907.6667	
8	683960847.333	977353.666667	11089955.6667	40369389.0	
16	1281820287.33	502709.0	13278358.6667	39974233.0	
32	1678970617.33	270991.0	12170988.3333	36140548.6667	
64	1377488100.33	145385.333333	3122044.33333	29886537.0	
96	1110541069.33	0.0	2774657.33333	30117096.0	
128	1032366630.67	0.0	2562048.33333	30985721.6667	
160	946803865.667	0.0	2581357.0	30862905.6667	
198	841973115.667	0.0	2614620.0	30847371.0	
256	719967685.0	150210.333333	2714882.33333	30784874.0	
