#Exe Time: 5, Capacity: 1048576,  Prefill: 10000, Enqueue: 0, Dequeue: 100 
Threads	wf_tester.x	mcas_tester.x	coarse_lock_tester.x	atomics_tester.x
1	92288912.0	65692.0	80281963.6667	135653565.0	
2	181276120.667	125915.333333	21734642.3333	41586489.0	
4	359432621.333	246255.333333	5012509.66667	55691578.6667	
8	708473309.0	487659.333333	22477918.0	58155236.3333	
16	1336310040.0	952590.0	26026301.6667	56784803.3333	
32	1725378787.67	1520249.0	23420855.3333	39320037.6667	
64	1450195340.33	2376341.0	13138836.0	28725836.0	
96	1177078131.0	0.0	12783794.3333	28436192.6667	
128	1040896867.33	0.0	7776165.0	28516316.6667	
160	965350923.0	0.0	12036157.3333	29576053.3333	
198	842925070.667	0.0	9743145.0	28846495.3333	
256	736403062.667	2379950.0	11156793.6667	28802766.6667	
