#Exe Time: 5, Capacity: 1048576,  Prefill: 10000, Enqueue: 50, Dequeue: 50 
Threads	wf_tester.x	mcas_tester.x	coarse_lock_tester.x	atomics_tester.x
1	53059789.0	871.0	49993591.3333	95850622.6667	
2	24038556.0	1704.33333333	19792301.0	54519209.0	
4	22912846.3333	3462.66666667	4565354.33333	48145543.3333	
8	22492605.3333	6953.0	12212425.6667	43120517.0	
16	21953507.6667	13442.0	14496878.0	41850059.6667	
32	19310204.6667	21750.0	14139906.6667	34369787.3333	
64	20950147.3333	38996.6666667	4431642.66667	29595527.3333	
96	20871127.3333	0.0	4135280.33333	29680585.3333	
128	20825910.6667	0.0	3923853.0	29620981.3333	
160	20732375.6667	0.0	3440236.0	29861801.3333	
198	20668200.0	0.0	3961917.66667	29817946.0	
256	20574064.6667	38643.3333333	3150130.33333	29801794.6667	
