32, 2, 0.0657163333333,
32, 4, 0.134026666667,
32, 6, 0.20335,
32, 8, 0.2648,
32, 10, 0.332966666667,
32, 12, 0.40024,
32, 14, 0.466803333333,
32, 16, 0.53118,
32, 18, 0.608983333333,
32, 20, 0.688286666667,
32, 22, 0.780093333333,
32, 24, 0.85634,
32, 26, 0.927953333333,
32, 28, 1.02363333333,
32, 30, 1.10966666667,
32, 32, 1.2002,
32, 34, 1.2703,
32, 36, 1.3475,
32, 38, 1.4359,
32, 40, 1.49756666667,
32, 42, 1.5822,
32, 44, 1.6604,
32, 46, 1.73443333333,
32, 48, 1.80333333333,
32, 50, 1.8843,
32, 52, 1.9808,
32, 54, 2.0375,
32, 56, 2.13173333333,
32, 58, 2.1994,
32, 60, 2.28363333333,
32, 62, 2.38193333333,
32, 64, 2.45886666667,
