2, 0.0638133333333,
4, 0.133516666667,
6, 0.200836666667,
8, 0.26496,
10, 0.326996666667,
12, 0.406963333333,
14, 0.494366666667,
16, 0.567043333333,
18, 0.65414,
20, 0.73945,
22, 0.825446666667,
24, 0.8961,
26, 0.980636666667,
28, 1.06053333333,
30, 1.1363,
32, 1.2066,
34, 1.27736666667,
36, 1.3533,
38, 1.44316666667,
40, 1.5131,
42, 1.58696666667,
44, 1.66096666667,
46, 1.73006666667,
48, 1.8193,
50, 1.89073333333,
52, 1.98543333333,
54, 2.05166666667,
56, 2.1289,
58, 2.1965,
60, 2.29853333333,
62, 2.37953333333,
64, 2.461,
