2, 2, 0.062503,
2, 4, 0.136783333333,
2, 6, 0.21013,
2, 8, 0.275456666667,
2, 10, 0.343533333333,
2, 12, 0.419606666667,
2, 14, 0.48828,
2, 16, 0.55721,
2, 18, 0.634723333333,
2, 20, 0.719813333333,
2, 22, 0.83245,
2, 24, 0.955853333333,
2, 26, 1.04773333333,
2, 28, 1.18323333333,
2, 30, 1.3561,
2, 32, 1.58656666667,
2, 34, 1.50873333333,
2, 36, 1.66256666667,
2, 38, 1.98273333333,
2, 40, 2.22763333333,
2, 42, 2.4191,
2, 44, 2.6261,
2, 46, 2.60933333333,
2, 48, 2.72906666667,
2, 50, 2.6684,
2, 52, 2.8545,
2, 54, 3.16436666667,
2, 56, 3.25493333333,
2, 58, 3.3425,
2, 60, 3.47333333333,
2, 62, 3.6885,
2, 64, 3.74176666667,
