64, 2, 0.070686,
64, 4, 0.142436666667,
64, 6, 0.210026666667,
64, 8, 0.26098,
64, 10, 0.337083333333,
64, 12, 0.40283,
64, 14, 0.46953,
64, 16, 0.531556666667,
64, 18, 0.603186666667,
64, 20, 0.694586666667,
64, 22, 0.784726666667,
64, 24, 0.857083333333,
64, 26, 0.942173333333,
64, 28, 1.03433333333,
64, 30, 1.1324,
64, 32, 1.22303333333,
64, 34, 1.26173333333,
64, 36, 1.36766666667,
64, 38, 1.44743333333,
64, 40, 1.52106666667,
64, 42, 1.59296666667,
64, 44, 1.66413333333,
64, 46, 1.74943333333,
64, 48, 1.8142,
64, 50, 1.8828,
64, 52, 1.9712,
64, 54, 2.06176666667,
64, 56, 2.1315,
64, 58, 2.21326666667,
64, 60, 2.31606666667,
64, 62, 2.38526666667,
64, 64, 2.47276666667,
