128, 2, 0.084926,
128, 4, 0.15961,
128, 6, 0.233226666667,
128, 8, 0.292306666667,
128, 10, 0.35547,
128, 12, 0.418436666667,
128, 14, 0.480603333333,
128, 16, 0.543416666667,
128, 18, 0.61692,
128, 20, 0.701336666667,
128, 22, 0.797496666667,
128, 24, 0.87615,
128, 26, 0.959433333333,
128, 28, 1.06633333333,
128, 30, 1.16783333333,
128, 32, 1.2536,
128, 34, 1.3257,
128, 36, 1.41493333333,
128, 38, 1.50276666667,
128, 40, 1.57736666667,
128, 42, 1.6539,
128, 44, 1.73053333333,
128, 46, 1.8258,
128, 48, 1.8798,
128, 50, 1.98463333333,
128, 52, 2.05016666667,
128, 54, 2.12573333333,
128, 56, 2.1899,
128, 58, 2.27253333333,
128, 60, 2.37313333333,
128, 62, 2.4293,
128, 64, 2.52663333333,
