4, 2, 0.062679,
4, 4, 0.1348,
4, 6, 0.206686666667,
4, 8, 0.269306666667,
4, 10, 0.343883333333,
4, 12, 0.41438,
4, 14, 0.481893333333,
4, 16, 0.547453333333,
4, 18, 0.625473333333,
4, 20, 0.703903333333,
4, 22, 0.799436666667,
4, 24, 0.881333333333,
4, 26, 0.956833333333,
4, 28, 1.05853333333,
4, 30, 1.15993333333,
4, 32, 1.2618,
4, 34, 1.33346666667,
4, 36, 1.43166666667,
4, 38, 1.6452,
4, 40, 1.81526666667,
4, 42, 1.96823333333,
4, 44, 2.09556666667,
4, 46, 2.21246666667,
4, 48, 2.35826666667,
4, 50, 2.2565,
4, 52, 2.363,
4, 54, 2.6838,
4, 56, 2.84983333333,
4, 58, 2.9246,
4, 60, 3.09006666667,
4, 62, 3.0643,
4, 64, 3.2084,
