2, 0.0679866666667,
4, 0.135306666667,
6, 0.203763333333,
8, 0.26393,
10, 0.334086666667,
12, 0.400286666667,
14, 0.467243333333,
16, 0.534076666667,
18, 0.60739,
20, 0.68867,
22, 0.779326666667,
24, 0.8507,
26, 0.928576666667,
28, 1.0151,
30, 1.1173,
32, 1.1885,
34, 1.27076666667,
36, 1.3575,
38, 1.43613333333,
40, 1.51243333333,
42, 1.581,
44, 1.66133333333,
46, 1.73946666667,
48, 1.80533333333,
50, 1.8904,
52, 1.97743333333,
54, 2.05533333333,
56, 2.1231,
58, 2.1965,
60, 2.2849,
62, 2.37603333333,
64, 2.44583333333,
