2, 0.06343,
4, 0.13339,
6, 0.201156666667,
8, 0.265316666667,
10, 0.334936666667,
12, 0.40004,
14, 0.459343333333,
16, 0.528193333333,
18, 0.605616666667,
20, 0.690756666667,
22, 0.781583333333,
24, 0.858193333333,
26, 0.931853333333,
28, 1.01813333333,
30, 1.12,
32, 1.207,
34, 1.27456666667,
36, 1.35836666667,
38, 1.43716666667,
40, 1.51006666667,
42, 1.5902,
44, 1.67103333333,
46, 1.74313333333,
48, 1.8116,
50, 1.88656666667,
52, 1.97986666667,
54, 2.05876666667,
56, 2.13183333333,
58, 2.20446666667,
60, 2.31533333333,
62, 2.37083333333,
64, 2.4684,
