1, 2, 0.062985,
1, 4, 0.139983333333,
1, 6, 0.21448,
1, 8, 0.282713333333,
1, 10, 0.355623333333,
1, 12, 0.42467,
1, 14, 0.497076666667,
1, 16, 0.563496666667,
1, 18, 0.650453333333,
1, 20, 0.745276666667,
1, 22, 0.892346666667,
1, 24, 1.07416666667,
1, 26, 1.25706666667,
1, 28, 1.50103333333,
1, 30, 1.78903333333,
1, 32, 1.96393333333,
1, 34, 1.8116,
1, 36, 2.00643333333,
1, 38, 2.34066666667,
1, 40, 2.59846666667,
1, 42, 2.79223333333,
1, 44, 3.09356666667,
1, 46, 3.03783333333,
1, 48, 3.17516666667,
1, 50, 3.04023333333,
1, 52, 3.25183333333,
1, 54, 3.62833333333,
1, 56, 3.61856666667,
1, 58, 4.02553333333,
1, 60, 3.96776666667,
1, 62, 4.22503333333,
1, 64, 4.48553333333,

2, 2, 0.062503,
2, 4, 0.136783333333,
2, 6, 0.21013,
2, 8, 0.275456666667,
2, 10, 0.343533333333,
2, 12, 0.419606666667,
2, 14, 0.48828,
2, 16, 0.55721,
2, 18, 0.634723333333,
2, 20, 0.719813333333,
2, 22, 0.83245,
2, 24, 0.955853333333,
2, 26, 1.04773333333,
2, 28, 1.18323333333,
2, 30, 1.3561,
2, 32, 1.58656666667,
2, 34, 1.50873333333,
2, 36, 1.66256666667,
2, 38, 1.98273333333,
2, 40, 2.22763333333,
2, 42, 2.4191,
2, 44, 2.6261,
2, 46, 2.60933333333,
2, 48, 2.72906666667,
2, 50, 2.6684,
2, 52, 2.8545,
2, 54, 3.16436666667,
2, 56, 3.25493333333,
2, 58, 3.3425,
2, 60, 3.47333333333,
2, 62, 3.6885,
2, 64, 3.74176666667,

4, 2, 0.062679,
4, 4, 0.1348,
4, 6, 0.206686666667,
4, 8, 0.269306666667,
4, 10, 0.343883333333,
4, 12, 0.41438,
4, 14, 0.481893333333,
4, 16, 0.547453333333,
4, 18, 0.625473333333,
4, 20, 0.703903333333,
4, 22, 0.799436666667,
4, 24, 0.881333333333,
4, 26, 0.956833333333,
4, 28, 1.05853333333,
4, 30, 1.15993333333,
4, 32, 1.2618,
4, 34, 1.33346666667,
4, 36, 1.43166666667,
4, 38, 1.6452,
4, 40, 1.81526666667,
4, 42, 1.96823333333,
4, 44, 2.09556666667,
4, 46, 2.21246666667,
4, 48, 2.35826666667,
4, 50, 2.2565,
4, 52, 2.363,
4, 54, 2.6838,
4, 56, 2.84983333333,
4, 58, 2.9246,
4, 60, 3.09006666667,
4, 62, 3.0643,
4, 64, 3.2084,

8, 2, 0.0621133333333,
8, 4, 0.132366666667,
8, 6, 0.202983333333,
8, 8, 0.269446666667,
8, 10, 0.339666666667,
8, 12, 0.406736666667,
8, 14, 0.47498,
8, 16, 0.540503333333,
8, 18, 0.61433,
8, 20, 0.701326666667,
8, 22, 0.794906666667,
8, 24, 0.873566666667,
8, 26, 0.94236,
8, 28, 1.04376666667,
8, 30, 1.13563333333,
8, 32, 1.22203333333,
8, 34, 1.2962,
8, 36, 1.3726,
8, 38, 1.45506666667,
8, 40, 1.5431,
8, 42, 1.61416666667,
8, 44, 1.69166666667,
8, 46, 1.76983333333,
8, 48, 1.85066666667,
8, 50, 1.97333333333,
8, 52, 2.02903333333,
8, 54, 2.1077,
8, 56, 2.28533333333,
8, 58, 2.34393333333,
8, 60, 2.412,
8, 62, 2.55886666667,
8, 64, 2.71433333333,

16, 2, 0.063158,
16, 4, 0.131793333333,
16, 6, 0.200546666667,
16, 8, 0.25731,
16, 10, 0.330183333333,
16, 12, 0.408013333333,
16, 14, 0.494533333333,
16, 16, 0.567766666667,
16, 18, 0.652383333333,
16, 20, 0.73718,
16, 22, 0.828716666667,
16, 24, 0.90359,
16, 26, 0.98301,
16, 28, 1.05813333333,
16, 30, 1.13913333333,
16, 32, 1.21846666667,
16, 34, 1.28596666667,
16, 36, 1.36293333333,
16, 38, 1.44003333333,
16, 40, 1.51703333333,
16, 42, 1.59123333333,
16, 44, 1.66376666667,
16, 46, 1.73663333333,
16, 48, 1.81256666667,
16, 50, 1.89323333333,
16, 52, 1.98733333333,
16, 54, 2.05756666667,
16, 56, 2.13576666667,
16, 58, 2.20803333333,
16, 60, 2.29486666667,
16, 62, 2.38496666667,
16, 64, 2.485,

32, 2, 0.0657163333333,
32, 4, 0.134026666667,
32, 6, 0.20335,
32, 8, 0.2648,
32, 10, 0.332966666667,
32, 12, 0.40024,
32, 14, 0.466803333333,
32, 16, 0.53118,
32, 18, 0.608983333333,
32, 20, 0.688286666667,
32, 22, 0.780093333333,
32, 24, 0.85634,
32, 26, 0.927953333333,
32, 28, 1.02363333333,
32, 30, 1.10966666667,
32, 32, 1.2002,
32, 34, 1.2703,
32, 36, 1.3475,
32, 38, 1.4359,
32, 40, 1.49756666667,
32, 42, 1.5822,
32, 44, 1.6604,
32, 46, 1.73443333333,
32, 48, 1.80333333333,
32, 50, 1.8843,
32, 52, 1.9808,
32, 54, 2.0375,
32, 56, 2.13173333333,
32, 58, 2.1994,
32, 60, 2.28363333333,
32, 62, 2.38193333333,
32, 64, 2.45886666667,

64, 2, 0.070686,
64, 4, 0.142436666667,
64, 6, 0.210026666667,
64, 8, 0.26098,
64, 10, 0.337083333333,
64, 12, 0.40283,
64, 14, 0.46953,
64, 16, 0.531556666667,
64, 18, 0.603186666667,
64, 20, 0.694586666667,
64, 22, 0.784726666667,
64, 24, 0.857083333333,
64, 26, 0.942173333333,
64, 28, 1.03433333333,
64, 30, 1.1324,
64, 32, 1.22303333333,
64, 34, 1.26173333333,
64, 36, 1.36766666667,
64, 38, 1.44743333333,
64, 40, 1.52106666667,
64, 42, 1.59296666667,
64, 44, 1.66413333333,
64, 46, 1.74943333333,
64, 48, 1.8142,
64, 50, 1.8828,
64, 52, 1.9712,
64, 54, 2.06176666667,
64, 56, 2.1315,
64, 58, 2.21326666667,
64, 60, 2.31606666667,
64, 62, 2.38526666667,
64, 64, 2.47276666667,

128, 2, 0.084926,
128, 4, 0.15961,
128, 6, 0.233226666667,
128, 8, 0.292306666667,
128, 10, 0.35547,
128, 12, 0.418436666667,
128, 14, 0.480603333333,
128, 16, 0.543416666667,
128, 18, 0.61692,
128, 20, 0.701336666667,
128, 22, 0.797496666667,
128, 24, 0.87615,
128, 26, 0.959433333333,
128, 28, 1.06633333333,
128, 30, 1.16783333333,
128, 32, 1.2536,
128, 34, 1.3257,
128, 36, 1.41493333333,
128, 38, 1.50276666667,
128, 40, 1.57736666667,
128, 42, 1.6539,
128, 44, 1.73053333333,
128, 46, 1.8258,
128, 48, 1.8798,
128, 50, 1.98463333333,
128, 52, 2.05016666667,
128, 54, 2.12573333333,
128, 56, 2.1899,
128, 58, 2.27253333333,
128, 60, 2.37313333333,
128, 62, 2.4293,
128, 64, 2.52663333333,

256, 2, 0.10851,
256, 4, 0.203893333333,
256, 6, 0.286253333333,
256, 8, 0.35254,
256, 10, 0.41406,
256, 12, 0.470103333333,
256, 14, 0.527443333333,
256, 16, 0.58606,
256, 18, 0.677253333333,
256, 20, 0.820156666667,
256, 22, 0.9108,
256, 24, 0.989976666667,
256, 26, 1.06803333333,
256, 28, 1.1555,
256, 30, 1.2424,
256, 32, 1.31103333333,
256, 34, 1.38933333333,
256, 36, 1.47203333333,
256, 38, 1.56616666667,
256, 40, 1.6494,
256, 42, 1.72536666667,
256, 44, 1.80433333333,
256, 46, 1.89006666667,
256, 48, 1.99746666667,
256, 50, 2.07036666667,
256, 52, 2.15086666667,
256, 54, 2.2344,
256, 56, 2.3363,
256, 58, 2.41456666667,
256, 60, 2.49333333333,
256, 62, 2.58683333333,
256, 64, 2.6595,
