256, 2, 0.10851,
256, 4, 0.203893333333,
256, 6, 0.286253333333,
256, 8, 0.35254,
256, 10, 0.41406,
256, 12, 0.470103333333,
256, 14, 0.527443333333,
256, 16, 0.58606,
256, 18, 0.677253333333,
256, 20, 0.820156666667,
256, 22, 0.9108,
256, 24, 0.989976666667,
256, 26, 1.06803333333,
256, 28, 1.1555,
256, 30, 1.2424,
256, 32, 1.31103333333,
256, 34, 1.38933333333,
256, 36, 1.47203333333,
256, 38, 1.56616666667,
256, 40, 1.6494,
256, 42, 1.72536666667,
256, 44, 1.80433333333,
256, 46, 1.89006666667,
256, 48, 1.99746666667,
256, 50, 2.07036666667,
256, 52, 2.15086666667,
256, 54, 2.2344,
256, 56, 2.3363,
256, 58, 2.41456666667,
256, 60, 2.49333333333,
256, 62, 2.58683333333,
256, 64, 2.6595,
